
<svg xmlns="http://www.w3.org/2000/svg" version="1.1" xmlns:xlink="http://www.w3.org/1999/xlink" preserveAspectRatio="none" x="0px" y="0px" width="1920px" height="1080px" viewBox="0 0 1920 1080">
<defs>
<g id="BF_defalt_arm_0_Layer0_0_FILL">
<path fill="#000000" stroke="none" d="
M 181.7 66.75
Q 179.24296875 70.7232421875 177 70.2 174.755859375 69.661328125 171.55 69.95 168.375 70.2337890625 162.35 70.45 156.390234375 70.658984375 153.45 70.25 150.5486328125 69.8484375 148.05 69.95 145.6013671875 70.0994140625 145 71 144.55 71.65 144.15 73.15 143.95 73.95 143.65 75.1 143.55 75.4 142.2 78.85 141.8 79.95 141.55 80.75 139 81.2 137.05 81.6 138.5 77.5 138.5 75.15 138.5 72.0720703125 136.85 69.5 136.071875 68.35859375 134.95 67.3 129.65 62.4 118 62.6 115.9 54.4 114.6 50.05 113.75 47.35 112.7 45 110.7 40.65 107.9 37.5 97.85 29.05 86.8 38.75 84.1 41.15 81.85 44.2 81.85 44.15 81.85 44.1 82.5 40.25 82.5 33.6 82.5 32.8078125 82.2 31.75 81.4931640625 28.82421875 78.75 23.85 74.1 15.5 67.5 9.6 48.1 -7.65 23.25 6.1 21.6 7 20.05 8 19.65 7.85 19.25 7.8
L 19.15 8.55
Q 6.65 16.5 2.65 26.3 0.7955078125 30.7787109375 0.25 39.5 0 43.2318359375 0 47.75 0 61.1 5.35 71.75 13.15 87.35 29.85 87.35 31.3 87.35 32.4 87.05 33.65 90.9 37.2 91.6 35.55 94.2 35 96.15 34.6 97.6 34.6 104.75 34.6 105.3 34.6 109 34.55 109.6 34.55 110.3 34.6 115.5 35.25 118.25 35.5814453125 119.596484375 35.85 120.75 37.015625 125.1849609375 37.65 126.85 38.8 129.75 40.35 130.8 41.8 131.7 45.05 131.8 47.2 131.85 53.6 131.75 55.4 131.75 57.9 131.4 59.65 131.15 60.35 131.4 62 131.9 65.85 138.5 67.9 142.05 69.65 143.9 73.3 147.75 77.6 147.75 80.5 147.75 83.8 146.25 84.4 146 84.85 145.7 85.2 146.1 86.1 147.45 87.1 149.05 87.6 149.35 88.25 149.85 90.8 151.85 97.15 158.85 101.15 158.85 112.3 158.85 119.45 153.5 123.5 150.5 127.25 144.75 127.75 144.85 128.4 144.85 132.1 144.85 138.8 142.15 146.2 139.1 152.8 134.4 158.8 130.1 162.8 125.5 163.15 125.95 163.65 126.5 165.85 128.95 168.35 130.1 170.4 131 172.65 131 185.7 131 202 116.2 210.25 108.75 216.6 100.35 220.2 95.85 222.8 84.1 225.1 73.8 225.1 66.05 225.1 63.5 223.9 59.15 222.4 53.5 219.75 49.3 212.1552734375 37.101953125 200.65 41.85 189.1935546875 46.6021484375 186.65 54.7 184.15625 62.7869140625 181.7 66.75
M 185.25 70.2
Q 186.95 66.85 188.9 61.85 193.55 54.45 194 53.9 199.5 47.1 205.65 47.1 212.1 47.1 216.1 56.4 218.1 61.05 218.85 66.1 218.85 72.2 216.55 82.3 214.1 93.05 211.4 96.85 206.25 104 198.2 111.4 183.9 124.6 172.9 124.6 172.05 124.6 169.3 122.6 168.7 122.15 168.05 121.6 167.2 120.9 166.45 120.4 170.4 113.7 170.4 106.4 170.4 100.25 169 96 167.05 90.1 162 85.25 160.95 84.2 158.85 83.05 158 82.55 153 80.1 150.25 79.3 147.9 79.45 148.6 77.55 149.5 75.1 151.9 75 156.15 74.6 159.9 74.6 171.4 75.75 174.6 76.1 178.4 76.5 182.1 76.5 185.25 70.2
M 90.95 42.45
Q 95.4 39.25 97.9 39.25 103.5 39.25 107 47.3 107.75 49 109.6 55.75 109.9 56.85 110.25 58.1 110.7 59.7 111.3 63.3 112.05 66.4 113.5 67.85 116.05 70.35 119.95 70.1 125.4 69.65 127.65 70.35 129.75 71 131 72.7 131.05 72.75 131.1 72.85 131.9 74.05 131.9 75.1 131.9 77.38125 131.25 79.65 129.956640625 84.13125 126.15 88.6 125.65 89.25 123.7 91.25 123.6 91.1 123.55 91 123.400390625 90.7708984375 123.2 90.55 121.2671875 88.3208984375 114.65 86.1 108.65 84.3 106.6 83.8 106.85 83.05 107.15 82.15 108.2 78.85 108.6 76.9 108.9 75.55 108.9 74.8 108.9 73.25 105.25 67.8 104.2 66.25 102.9 64.4 97.4 56.65 96.75 56.25 94.2 53 83.85 56.7 83.25 55.45 82.25 54.2 82.1 54 82 53.85 81.6 53.35 81.15 52.9 81.4 52.7 81.65 52.5 83 51.45 83.95 50.05 84.85 48.7 86.15 46.5 87.5 44.9 90.95 42.45
M 81.6 62.85
Q 81.75 62.85 81.9 62.85 83 62.85 83.7 62 88.8 60 92.2 60 92.75 60 98.1 67.75 101.15 72.2 102.45 74.25 103.4 75.75 103.4 76 103.4 77.05 102.65 80.9 102.25 82.95 102.05 84.15 100.3 84.9 98.6 86.6 95.45 88.85 92.45 91.15 89.95 93 87.5 94.9 82.35 98.9 79.75 101.55 78.65 102.55 78.05 103.4 77 104.7 77 105.4 77 106.15 77.2 106.2 77.35 106.25 77.85 106.25 83.85 101.4 89.5 97.45 90.9 96.45 92.3 95.5 101.7 89.1 104.7 89.1 107.2 89.1 112.8 91.75 117.592578125 94.0029296875 118.45 95.55 118.65 95.93359375 118.65 96.25 118.65 96.35 118.3 103.2 118.3 104.6 118.4 105.75 114.45 110.4 112.75 112.6 109.4 116.4 106.7 119.7 104.8 122 103.6 123.8 101.4 126.95 101.4 128.35 101.4 129.15 101.65 129.25 101.85 129.3 102.4 129.35 104.1 127.5 107.9 123.6 108.05 123.45 108.2 123.3 112.3 119.1 114.15 117.1 120.6 110.05 125.9 107.25 126.3 107.05 126.8 106.8 128.3 107.35 130.6 108.15 130.7 108.15 130.8 108.2 139.15 111.5 139.15 117.9 139.15 118.75 133.25 126.55 126.4 135.45 124.5 138 119.5 144.8 115.9 147.6 109.5 152.6 101 152.6 100.45 152.6 99.75 152.3 98.75 151.25 97.1 150.05 94.65 148.35 92.95 147.1 92.25 146.45 91.55 145.75 90 144.2 88.8 143 88.55 142.6 88.25 142.2 87.35 140.9 86.25 140.45 81.5 140.75 80.8 141 78.25 141.85 77.25 141.85 75.6 141.85 69.7 133.2 63.85 124.5 61.85 124.5 61.1 124.5 60.45 124.7 59.8 124.9 59.35 125 58.35 125.25 55.9 125.6 53.2 126 52.35 126
L 44.75 125.85
Q 43.3673828125 124.928125 42.3 121.65 41.6703125 119.5873046875 41.15 116.6 40.55 113.1 40.3 109.85 40.1 107.55 40.1 105.4 40.1 102.6 40.4 100.3 40.9 96.55 42.2 94.3 42.35 94.05 52.25 81.25 54.65 78.25 68.4 69.9 75.95 65.3 81.6 62.85
M 133.15 90.5
Q 135.15 90.35 140.4 88.2 146.05 85.85 149.25 85.85 157.45 85.85 161.65 95.1 164.4 101.1 164.4 106.15 164.4 119.5 144.85 131.6 140.25 134.4 131.35 138.9 131.15 139 131 139.1 133.05 136.3 137.45 130.5 145.15 120 145.15 118.35 145.15 115.15 140.75 107.5 137.8 104 130.35 101.85 125.6 100.45 123.7 101.45 123.85 99.35 124 98 129.1 97.6 133.15 90.5
M 65.7 23.25
Q 65.8 23.4 65.9 23.6 68.2 27.4 68.9 34 69.05 35.65 69.15 38.4 64.6 36 60.55 35.85 60.5 35.8 60.5 35.75 60 33.25 56.5 23 55.95 21.4 54.65 19.35 55 19.35 55.35 19.35 58.1 19.35 60.8 19.9 62.6 20.3 64.4 20.95 65 22 65.7 23.25
M 51.35 8.3
Q 53.25 8.3 55.55 9.25 57.55 10.75 59.2 12.7 60 13.65 60.85 14.9 60.2 14.8 59.5 14.7 55.3 14.25 51.1 14.9 48.9 12.35 47.85 11 47.25 10.3 44.85 8.75 47.95 8.3 51.35 8.3
M 45.65 16.1
Q 43.85 16.6 42 17.35 37.95 19 34.15 21.5 33.15 20.05 32.15 18.75 30.6 16.65 29.2 15 34.1 11.4 40.15 9.75 44.05 12 46.8 15.35 46.95 15.5 47.05 15.7 46.35 15.85 45.65 16.1
M 49.85 19.85
Q 50.3 20.65 50.75 21.5 51.85 23.55 53.85 27.5 55.25 30.05 55.95 33.55 56.15 34.6 56.4 36.2 56.1 36.25 55.85 36.35 50.05 37 44.95 39.9 42.4 34.75 39.3 29.55 37.95 27.25 36.65 25.25 43 21.05 49.85 19.85
M 48.5 47.65
Q 47.95703125 46.317578125 47.25 44.75 47 44.2 46.75 43.65 51.5 41.1 57.05 40.9 57.2 42.7 57.3 45.65 57.3126953125 45.7984375 57.3 45.95 57.4923828125 47.51875 57.95 48.8 53.9 50 50.25 52.4 49.765234375 50.6337890625 48.5 47.65
M 43 47.2
Q 43.212109375 47.691796875 43.4 48.15 45.4763671875 52.8666015625 46.75 55.05 44.75 56.75 42.9 58.85 39.2 57 35.5 54.2 37.8087890625 50.841796875 40.35 48.35 41.4935546875 47.266015625 42.65 46.35 42.8 46.75 43 47.2
M 76.95 33.45
Q 77.1423828125 34.176953125 77.25 35.5 77.4427734375 37.2455078125 77.5 40.05 77.5 40.85 77.5 41.75 77.5 42.7 77.3 44.45 75.6 42.45 72.7 40.5 72.7216796875 39.673046875 72.7 38.6 72.75 37.207421875 72.75 35.4 72.75 33 72.45 30.75 72.1 28.35 71.45 26.15 71.15 25.15 70.8 24.2 71.95 24.95 73.1 25.8 76.25 31.2 76.95 33.45
M 61.1 46.6
Q 61.1 45.6291015625 61.1 44.7 61.069140625 42.7103515625 61 41.05 63.5724609375 41.443359375 66.05 42.5 67.67109375 43.1830078125 69.25 44.15 69.25 44.55 69.25 45 69.25 45.65 68.75 47.6 67.75 47.5 66.65 47.5 63.75 47.5 61 48.05 61.1 47.25 61.1 46.6
M 75.95 49.25
Q 73.9 48.35 71.5 47.9 71.8 47.05 72.05 46.05 74.1 47.65 75.95 49.25
M 34.35 7.1
Q 34.85 7.25 35.35 7.45 30.9 9.35 26.8 12.5 25.8 11.5 24.9 10.75 29.2 8.15 34.35 7.1
M 22.05 12.65
Q 22.95 13.8 23.85 14.95 20.1 18.25 16.65 22.65 16.25 23.15 15.9 23.65 15.6 21.55 15.45 19.4 18.4 15.4 22.05 12.65
M 25.95 17.7
Q 27.15 19.3 28.3 20.85 29.5 22.5 30.6 24.1 26.8 27.15 23.25 31.1 21.25 33.35 19.6 35.6 18.45 33.25 17.65 30.85 17.25 29.65 16.9 28.45 22.35 21.15 25.95 17.7
M 13 23.1
Q 13 23.25 13 23.35 13 24.2 13.7 26.8 10.85 31.2 8.8 35.9 8.6 36.3 8.45 36.7 8.2 35.5 8.05 34.25 9.8 28.65 12.8 23.45 12.9 23.3 13 23.1
M 12.5 34.5
Q 13.8 32.7 15 31.05 15.3 32.1 15.7 33.3 15.7 33.35 15.75 33.45 16.75 36.55 17.5 38.65 15.1671875 42.244921875 13.6 45.9 13.1498046875 47.0595703125 12.75 48.2 11.84296875 46.7099609375 11.1 45.1 10.7345703125 44.2478515625 10.4 43.35 9.95 42.3 9.65 41.25 10.8 36.9 12.5 34.5
M 6.55 40.5
Q 6.55 40.7 6.6 40.95 6.65 41.3 6.75 41.65 6.5384765625 42.43125 6.4 43.15 6.1 44.6359375 6.1 45.85 6.1 46.45 5.95 49.25 5.8 48.7 5.65 48.15 5.783203125 45.552734375 6.15 43 6.3162109375 41.752734375 6.55 40.5
M 8.3 47.55
Q 8.35 47.25 8.4 47 8.55 47.4 8.75 47.8 9.35 49.2 10.1 50.5 10.7 51.55 11.45 52.6 10.6 56.1 10.3 60 9.75 59.1 9.35 58.25 8.35 55.95 7.6 54 7.7 52.35 7.9 50.7 8.05 49.1 8.3 47.55
M 18.1 47.05
Q 18.9328125 45.3759765625 19.9 43.65 21.0115234375 45.0017578125 23.4 47.9 24.9943359375 49.8654296875 27.15 52.5 28.55 53.95 29.9 55.2 28.05 58.1 26.75 61.15 24.85 60.15 23.25 59.1 18.9 56.2 15.75 52.4 16.7431640625 49.7931640625 18.1 47.05
M 28.8 48.4
Q 24.8611328125 44.437109375 22.05 40.05 26 33.95 31.8 28.9 32.45 28.3 33.15 27.8 35.05 30.55 36.5 33 37.6 34.8 41 42.5 37.689453125 45.000390625 34.7 48.5 33.4826171875 49.9591796875 32.3 51.6 31.25 50.7 30.2 49.75 29.481640625 49.0759765625 28.8 48.4
M 25.15 65.25
Q 24.2 67.9 23.95 69.95 22.4 69.6 20.85 68.8 18.6 67.5 17.35 66.85 15 65.6 12.95 63.45 13.3 59.95 14.4 56.25 16.7 58.7 19.75 61.3 22.5 63.65 25.15 65.25
M 28.35 68.75
Q 28.6 68 28.85 67.25 32.55 68.8 35.9 68.85 35.15 70.25 34.5 71.7 34.5 71.65 34.45 71.65 31.35 71.2 27.8 70.6 28.05 69.7 28.35 68.75
M 37.6 65.9
Q 36.35 65.3 33.95 64.4 32.15 63.7 30.55 63 31.7 60.35 33.1 57.95 37.15 61 40.55 61.7 40.3 61.95 40.1 62.25 38.75 64.05 37.6 65.9
M 7.25 61.1
Q 7.4 61.35 7.55 61.65 8.65 63.85 10 65.75 10 65.95 10 66.15 10 67.45 10.1 68.7 8.45 66.6 7.25 62.1 7.25 61.6 7.25 61.1
M 14.3 73.85
Q 13.7 73 13.2 72.3 12.9 70.9 12.8 69.05 17.45 73.65 24 75.05 24.05 76.3 24.1 78.05 24.2 79.05 24.4 79.9 21.85 79.25 19.85 78.25 16.6 76.65 14.3 73.85
M 31.75 80.25
Q 31.75 80.3 31.75 80.95 31.4 80.9 31.05 80.9 28.85 80.75 26.95 80.45 26.5 79.25 26.5 78.55 26.5 77.15 26.75 75.45 28.25 75.6 29.85 75.6 31.7 75.6 32.95 75.5 31.75 78.65 31.75 80.25
M 38.45 76.2
Q 38.75 75.5 39.05 74.8 41.4 69.65 45.1 65 45.7 64.25 46.35 63.55 48.2 61.4 50.1 59.7 52.05 57.95 54.05 56.7 59.5 53.25 65.4 53.25 73.6 53.25 76.8 56.85 75.75 56.6 74.45 56.5 67.5 55.85 58 59.6 57.25 59.9 56.55 60.3 54.4 61.35 52.55 63.25 52.05 63.75 51.55 64.3 49.95 66.45 48.85 67.7 48.1 68.55 47.6 69 45.15 71.25 42.3 78.05 41.9 79 41.55 79.9 39.75 84.5 39.55 87.15 39.1 86.7 38.65 86.2 36.85 84.3 36.85 82.8 36.85 80.1 38.45 76.2
M 70.9 62.55
Q 66.55 64.8 62 67.6 55.9 71.4 49.9 77.1 47.6 79.3 44.95 82.15 47.15 77.25 51.1 72.7 59.45 62.9 70.9 62.55
M 85.1 139.4
L 83 139.35 85.15 139.45 85.1 139.4 Z"/>

<path fill="#485E84" stroke="none" d="
M 62 67.6
Q 66.55 64.8 70.9 62.55 59.45 62.9 51.1 72.7 47.15 77.25 44.95 82.15 47.6 79.3 49.9 77.1 55.9 71.4 62 67.6
M 47.7 65.9
Q 48.3 66.9 48.85 67.7 49.95 66.45 51.55 64.3 52.05 63.75 52.55 63.25 51 61.25 50.1 59.7 48.2 61.4 46.35 63.55 46.9 64.55 47.7 65.9
M 76.8 56.85
Q 73.6 53.25 65.4 53.25 59.5 53.25 54.05 56.7 54.75 57.9 55.95 59.5 56.25 59.9 56.55 60.3 57.25 59.9 58 59.6 67.5 55.85 74.45 56.5 75.75 56.6 76.8 56.85
M 38.45 76.2
Q 36.85 80.1 36.85 82.8 36.85 84.3 38.65 86.2 39.1 86.7 39.55 87.15 39.75 84.5 41.55 79.9 40.85 79.1 39.35 77.25 38.85 76.65 38.45 76.2
M 33.25 48.5
Q 33.9951171875 48.5 34.7 48.5 37.689453125 45.000390625 41 42.5 37.6 34.8 36.5 33 35.05 30.55 33.15 27.8 32.45 28.3 31.8 28.9 26 33.95 22.05 40.05 24.8611328125 44.437109375 28.8 48.4 30.975 48.5 33.25 48.5
M 19.9 43.65
Q 18.9328125 45.3759765625 18.1 47.05 20.6646484375 47.586328125 23.4 47.9 21.0115234375 45.0017578125 19.9 43.65
M 8.4 47
Q 8.35 47.25 8.3 47.55 8.05 49.1 7.9 50.7 8.3 49.25 8.75 47.8 8.55 47.4 8.4 47
M 6.6 40.95
Q 6.55 40.7 6.55 40.5 6.3162109375 41.752734375 6.15 43 5.783203125 45.552734375 5.65 48.15 5.8 48.7 5.95 49.25 6.1 46.45 6.1 45.85 6.1 44.6359375 6.4 43.15 6.5384765625 42.43125 6.75 41.65 6.65 41.3 6.6 40.95
M 15 31.05
Q 13.8 32.7 12.5 34.5 10.8 36.9 9.65 41.25 9.95 42.3 10.4 43.35 10.7345703125 44.2478515625 11.1 45.1 12.350390625 45.548046875 13.6 45.9 15.1671875 42.244921875 17.5 38.65 16.75 36.55 15.75 33.45 15.7 33.35 15.7 33.3 15.3 32.1 15 31.05
M 13 23.35
Q 13 23.25 13 23.1 12.9 23.3 12.8 23.45 9.8 28.65 8.05 34.25 8.2 35.5 8.45 36.7 8.6 36.3 8.8 35.9 10.85 31.2 13.7 26.8 13 24.2 13 23.35
M 28.3 20.85
Q 27.15 19.3 25.95 17.7 22.35 21.15 16.9 28.45 17.25 29.65 17.65 30.85 18.45 33.25 19.6 35.6 21.25 33.35 23.25 31.1 26.8 27.15 30.6 24.1 29.5 22.5 28.3 20.85
M 23.85 14.95
Q 22.95 13.8 22.05 12.65 18.4 15.4 15.45 19.4 15.6 21.55 15.9 23.65 16.25 23.15 16.65 22.65 20.1 18.25 23.85 14.95
M 35.35 7.45
Q 34.85 7.25 34.35 7.1 29.2 8.15 24.9 10.75 25.8 11.5 26.8 12.5 30.9 9.35 35.35 7.45
M 61 41.05
Q 61.069140625 42.7103515625 61.1 44.7 63.4748046875 43.8181640625 66.05 42.5 63.5724609375 41.443359375 61 41.05
M 77.25 35.5
Q 77.1423828125 34.176953125 76.95 33.45 76.25 31.2 73.1 25.8 71.95 24.95 70.8 24.2 71.15 25.15 71.45 26.15 72.1 28.35 72.45 30.75 72.75 33 72.75 35.4 72.75 37.207421875 72.7 38.6 74.2619140625 37.610546875 75.85 36.5 76.703515625 38.209375 77.5 40.05 77.4427734375 37.2455078125 77.25 35.5
M 43.4 48.15
Q 43.212109375 47.691796875 43 47.2 42.8 46.75 42.65 46.35 41.4935546875 47.266015625 40.35 48.35 41.9326171875 48.27109375 43.4 48.15
M 47.25 44.75
Q 47.95703125 46.317578125 48.5 47.65 53.39296875 47.021875 57.3 45.95 57.3126953125 45.7984375 57.3 45.65 57.2 42.7 57.05 40.9 51.5 41.1 46.75 43.65 47 44.2 47.25 44.75
M 50.75 21.5
Q 50.3 20.65 49.85 19.85 43 21.05 36.65 25.25 37.95 27.25 39.3 29.55 42.4 34.75 44.95 39.9 50.05 37 55.85 36.35 56.1 36.25 56.4 36.2 56.15 34.6 55.95 33.55 55.25 30.05 53.85 27.5 51.85 23.55 50.75 21.5
M 42 17.35
Q 43.85 16.6 45.65 16.1 46.35 15.85 47.05 15.7 46.95 15.5 46.8 15.35 44.05 12 40.15 9.75 34.1 11.4 29.2 15 30.6 16.65 32.15 18.75 33.15 20.05 34.15 21.5 37.95 19 42 17.35
M 55.55 9.25
Q 53.25 8.3 51.35 8.3 47.95 8.3 44.85 8.75 47.25 10.3 47.85 11 48.9 12.35 51.1 14.9 55.3 14.25 59.5 14.7 60.2 14.8 60.85 14.9 60 13.65 59.2 12.7 57.55 10.75 55.55 9.25
M 65.9 23.6
Q 65.8 23.4 65.7 23.25 65 22 64.4 20.95 62.6 20.3 60.8 19.9 58.1 19.35 55.35 19.35 55 19.35 54.65 19.35 55.95 21.4 56.5 23 60 33.25 60.5 35.75 60.5 35.8 60.55 35.85 64.6 36 69.15 38.4 69.05 35.65 68.9 34 68.2 27.4 65.9 23.6 Z"/>

<path fill="#8FBBBE" stroke="none" d="
M 55.95 59.5
Q 54.75 57.9 54.05 56.7 52.05 57.95 50.1 59.7 51 61.25 52.55 63.25 54.4 61.35 56.55 60.3 56.25 59.9 55.95 59.5
M 39.05 74.8
Q 38.75 75.5 38.45 76.2 38.85 76.65 39.35 77.25 40.85 79.1 41.55 79.9 41.9 79 42.3 78.05 45.15 71.25 47.6 69 48.1 68.55 48.85 67.7 48.3 66.9 47.7 65.9 46.9 64.55 46.35 63.55 45.7 64.25 45.1 65 41.4 69.65 39.05 74.8 Z"/>

<path fill="#343545" stroke="none" d="
M 31.75 80.95
Q 31.75 80.3 31.75 80.25 31.75 78.65 32.95 75.5 31.7 75.6 29.85 75.6 28.25 75.6 26.75 75.45 26.5 77.15 26.5 78.55 26.5 79.25 26.95 80.45 28.85 80.75 31.05 80.9 31.4 80.9 31.75 80.95
M 13.2 72.3
Q 13.7 73 14.3 73.85 16.6 76.65 19.85 78.25 21.85 79.25 24.4 79.9 24.2 79.05 24.1 78.05 24.05 76.3 24 75.05 17.45 73.65 12.8 69.05 12.9 70.9 13.2 72.3
M 7.55 61.65
Q 7.4 61.35 7.25 61.1 7.25 61.6 7.25 62.1 8.45 66.6 10.1 68.7 10 67.45 10 66.15 10 65.95 10 65.75 8.65 63.85 7.55 61.65
M 33.95 64.4
Q 36.35 65.3 37.6 65.9 38.75 64.05 40.1 62.25 40.3 61.95 40.55 61.7 37.15 61 33.1 57.95 31.7 60.35 30.55 63 32.15 63.7 33.95 64.4
M 28.85 67.25
Q 28.6 68 28.35 68.75 28.05 69.7 27.8 70.6 31.35 71.2 34.45 71.65 34.5 71.65 34.5 71.7 35.15 70.25 35.9 68.85 32.55 68.8 28.85 67.25
M 23.95 69.95
Q 24.2 67.9 25.15 65.25 22.5 63.65 19.75 61.3 16.7 58.7 14.4 56.25 13.3 59.95 12.95 63.45 15 65.6 17.35 66.85 18.6 67.5 20.85 68.8 22.4 69.6 23.95 69.95
M 34.7 48.5
Q 33.9951171875 48.5 33.25 48.5 30.975 48.5 28.8 48.4 29.481640625 49.0759765625 30.2 49.75 31.25 50.7 32.3 51.6 33.4826171875 49.9591796875 34.7 48.5
M 23.4 47.9
Q 20.6646484375 47.586328125 18.1 47.05 16.7431640625 49.7931640625 15.75 52.4 18.9 56.2 23.25 59.1 24.85 60.15 26.75 61.15 28.05 58.1 29.9 55.2 28.55 53.95 27.15 52.5 24.9943359375 49.8654296875 23.4 47.9
M 10.3 60
Q 10.6 56.1 11.45 52.6 10.7 51.55 10.1 50.5 9.35 49.2 8.75 47.8 8.3 49.25 7.9 50.7 7.7 52.35 7.6 54 8.35 55.95 9.35 58.25 9.75 59.1 10.3 60
M 12.75 48.2
Q 13.1498046875 47.0595703125 13.6 45.9 12.350390625 45.548046875 11.1 45.1 11.84296875 46.7099609375 12.75 48.2
M 71.5 47.9
Q 73.9 48.35 75.95 49.25 74.1 47.65 72.05 46.05 71.8 47.05 71.5 47.9
M 61.1 44.7
Q 61.1 45.6291015625 61.1 46.6 61.1 47.25 61 48.05 63.75 47.5 66.65 47.5 67.75 47.5 68.75 47.6 69.25 45.65 69.25 45 69.25 44.55 69.25 44.15 67.67109375 43.1830078125 66.05 42.5 63.4748046875 43.8181640625 61.1 44.7
M 77.5 41.75
Q 77.5 40.85 77.5 40.05 76.703515625 38.209375 75.85 36.5 74.2619140625 37.610546875 72.7 38.6 72.7216796875 39.673046875 72.7 40.5 75.6 42.45 77.3 44.45 77.5 42.7 77.5 41.75
M 42.9 58.85
Q 44.75 56.75 46.75 55.05 45.4763671875 52.8666015625 43.4 48.15 41.9326171875 48.27109375 40.35 48.35 37.8087890625 50.841796875 35.5 54.2 39.2 57 42.9 58.85
M 57.95 48.8
Q 57.4923828125 47.51875 57.3 45.95 53.39296875 47.021875 48.5 47.65 49.765234375 50.6337890625 50.25 52.4 53.9 50 57.95 48.8 Z"/>

<path fill="#F89587" stroke="none" d="
M 140.4 88.2
Q 135.15 90.35 133.15 90.5 129.1 97.6 124 98 123.85 99.35 123.7 101.45 125.6 100.45 130.35 101.85 137.8 104 140.75 107.5 145.15 115.15 145.15 118.35 145.15 120 137.45 130.5 133.05 136.3 131 139.1 131.15 139 131.35 138.9 140.25 134.4 144.85 131.6 164.4 119.5 164.4 106.15 164.4 101.1 161.65 95.1 157.45 85.85 149.25 85.85 146.05 85.85 140.4 88.2
M 77 105.4
Q 77 104.7 78.05 103.4 74.4 105.45 70.85 107.3 54.7 115.85 49.1 115.85 47.1 115.85 44.25 110.1 43.75 109.15 43.25 108 41.2 103.4 40.4 100.3 40.1 102.6 40.1 105.4 40.1 107.55 40.3 109.85 40.55 113.1 41.15 116.6 41.6703125 119.5873046875 42.3 121.65 43.3673828125 124.928125 44.75 125.85
L 52.35 126
Q 53.2 126 55.9 125.6 58.35 125.25 59.35 125 59.8 124.9 60.45 124.7 61.1 124.5 61.85 124.5 63.85 124.5 69.7 133.2 75.6 141.85 77.25 141.85 78.25 141.85 80.8 141 81.5 140.75 86.25 140.45 87.35 140.9 88.25 142.2 88.55 142.6 88.8 143 90 144.2 91.55 145.75 92.25 146.45 92.95 147.1 94.65 148.35 97.1 150.05 98.75 151.25 99.75 152.3 100.45 152.6 101 152.6 109.5 152.6 115.9 147.6 119.5 144.8 124.5 138 126.4 135.45 133.25 126.55 139.15 118.75 139.15 117.9 139.15 111.5 130.8 108.2 130.7 108.15 130.6 108.15 131.4 111.95 131.4 113.6 131.4 119.25 122.1 125.6 109.65 133 103.4 137.35 104.05 133.6 106.8 126.4 107.4 124.95 107.9 123.6 104.1 127.5 102.4 129.35 101.85 129.3 101.65 129.25 101.4 129.15 101.4 128.35 101.4 126.95 103.6 123.8 96.3 131.35 91.9 131.35 90.3 131.35 85.9 127.4 81.4 123.35 81.4 121.6 81.4 120.1666015625 82.2 117.2 83.174609375 113.6947265625 85.3 108 88.45 100.05 89.5 97.45 83.85 101.4 77.85 106.25 77.35 106.25 77.2 106.2 77 106.15 77 105.4
M 83 139.35
L 85.1 139.4 85.15 139.45 83 139.35
M 120.9 81.85
Q 119.65 81.85 111.85 78.35 110.05 77.55 108.6 76.9 108.2 78.85 107.15 82.15 106.85 83.05 106.6 83.8 108.65 84.3 114.65 86.1 121.2671875 88.3208984375 123.2 90.55 123.400390625 90.7708984375 123.55 91 123.6 91.1 123.7 91.25 125.65 89.25 126.15 88.6 129.956640625 84.13125 131.25 79.65 131.9 77.38125 131.9 75.1 131.9 74.05 131.1 72.85 129.95 74.15 128.55 75.7 122.95 81.85 120.9 81.85 Z"/>

<path fill="#FDDFBD" stroke="none" d="
M 126.8 106.8
Q 126.3 107.05 125.9 107.25 120.6 110.05 114.15 117.1 112.3 119.1 108.2 123.3 108.05 123.45 107.9 123.6 107.4 124.95 106.8 126.4 104.05 133.6 103.4 137.35 109.65 133 122.1 125.6 131.4 119.25 131.4 113.6 131.4 111.95 130.6 108.15 128.3 107.35 126.8 106.8
M 92.3 95.5
Q 90.9 96.45 89.5 97.45 88.45 100.05 85.3 108 83.174609375 113.6947265625 82.2 117.2 81.4 120.1666015625 81.4 121.6 81.4 123.35 85.9 127.4 90.3 131.35 91.9 131.35 96.3 131.35 103.6 123.8 104.8 122 106.7 119.7 109.4 116.4 112.75 112.6 114.45 110.4 118.4 105.75 118.3 104.6 118.3 103.2 118.65 96.35 118.65 96.25 118.65 95.93359375 118.45 95.55 117.592578125 94.0029296875 112.8 91.75 107.2 89.1 104.7 89.1 101.7 89.1 92.3 95.5
M 81.9 62.85
Q 81.75 62.85 81.6 62.85 75.95 65.3 68.4 69.9 54.65 78.25 52.25 81.25 42.35 94.05 42.2 94.3 40.9 96.55 40.4 100.3 41.2 103.4 43.25 108 43.75 109.15 44.25 110.1 47.1 115.85 49.1 115.85 54.7 115.85 70.85 107.3 74.4 105.45 78.05 103.4 78.65 102.55 79.75 101.55 82.35 98.9 87.5 94.9 89.95 93 92.45 91.15 95.45 88.85 98.6 86.6 100.3 84.9 102.05 84.15 102.25 82.95 102.65 80.9 103.4 77.05 103.4 76 103.4 75.75 102.45 74.25 101.15 72.2 98.1 67.75 92.75 60 92.2 60 88.8 60 83.7 62 83 62.85 81.9 62.85
M 97.9 39.25
Q 95.4 39.25 90.95 42.45 87.5 44.9 86.15 46.5 84.85 48.7 83.95 50.05 83 51.45 81.65 52.5 81.4 52.7 81.15 52.9 81.6 53.35 82 53.85 82.1 54 82.25 54.2 83.25 55.45 83.85 56.7 94.2 53 96.75 56.25 97.4 56.65 102.9 64.4 104.2 66.25 105.25 67.8 108.9 73.25 108.9 74.8 108.9 75.55 108.6 76.9 110.05 77.55 111.85 78.35 119.65 81.85 120.9 81.85 122.95 81.85 128.55 75.7 129.95 74.15 131.1 72.85 131.05 72.75 131 72.7 129.75 71 127.65 70.35 125.4 69.65 119.95 70.1 116.05 70.35 113.5 67.85 112.05 66.4 111.3 63.3 110.7 59.7 110.25 58.1 109.9 56.85 109.6 55.75 107.75 49 107 47.3 103.5 39.25 97.9 39.25 Z"/>

<path fill="#DB93E6" stroke="none" d="
M 188.9 61.85
Q 186.95 66.85 185.25 70.2 182.1 76.5 178.4 76.5 174.6 76.1 171.4 75.75 159.9 74.6 156.15 74.6 151.9 75 149.5 75.1 148.6 77.55 147.9 79.45 150.25 79.3 153 80.1 158 82.55 158.85 83.05 160.95 84.2 162 85.25 167.05 90.1 169 96 170.4 100.25 170.4 106.4 170.4 113.7 166.45 120.4 167.2 120.9 168.05 121.6 168.7 122.15 169.3 122.6 172.05 124.6 172.9 124.6 183.9 124.6 198.2 111.4 206.25 104 211.4 96.85 214.1 93.05 216.55 82.3 218.85 72.2 218.85 66.1 218.1 61.05 216.1 56.4 212.1 47.1 205.65 47.1 199.5 47.1 194 53.9 193.55 54.45 188.9 61.85 Z"/>
</g>

<g id="bf_body_default_0_Layer0_0_FILL">
<path fill="#000000" stroke="none" d="
M 330.65 184
Q 330.6 180.8 327.7 179.05 323.65 176.5 319.45 174.15 315.5 171.85 311.4 170.3 309.55 169.7 308.05 168.4 302.8 163.7 296.85 159.85 291.55 156.45 285.8 154.2 295.3 150.15 300.4 141.45 301.2 140.05 301.3 138.45 301.55 135.05 300.15 132.1 299.2828125 130.316015625 298.1 128.75 297.45 127.0099609375 296.85 126.05 294.15 121.55 289.3 122.5 286.722265625 123.0048828125 284.15 124.35 279.32578125 114.5212890625 272.5 106.1 273.8 101.95 270.25 98.9 269.15 98 268.1 97.05 263.7 92.75 263.15 86.55 263 84.55 263.05 82.6 263.1 80.6 262.9 78.45 266.7 77.5 270.15 75.7 270.85 75.4 271.6 75.15 273.1 74.65 273.1 73 273.05 66 269.9 59.55 266.2 51.85 263.2 43.9 261.8 40.3 262.15 36.5 262.25 35.6 262.6 34.7 264.1 30.85 265.5 27 266.4 25.15 267.25 23.1 269.9 16.55 269.9 12 269.9 4.8 263.5 1.75 257.6 -1.1 248.8 0.7 239.8 2.55 232.4 8.4 231.95 8.75 231.55 9.15 230.25 8.4 228.1 7.75 221.6 5.8 211.7 6.9 186.8 8.5 171.85 19.25 167.85 22.1 165.05 25.35 164.25 26.2 163.6 27.1 163.1 27.8 162.6 28.5 159.7 32.95 159.7 36.65 159.7 36.75 161.2 44.5 161.47578125 45.6490234375 161.75 46.6 161.9 48.01796875 161.9 48.35 148.15 54.8 134.4 62.8 106.85 78.85 106.85 87.15 106.85 87.3 111.1 95.95 113.445703125 99.96796875 115.55 102.1
L 113.6 104.35
Q 104.85 99.55 95.75 96.25 92.3 94.95 88.5 94.65 83.25 94.65 81.3 99.55 80.05 102.8 78.8 106.05 76.5 112.15 74.55 118.45 73.55 121.6 73.1 124.9 72.0265625 125.58046875 71.2 126.35 69.7435546875 127.1564453125 68.8 128.1 66.5 130.4 66.5 134.8 66.5 136.5 68.8 139.55 71.1 142.6 71.1 142.85 71.1 143.4 70.25 144.3 69.3 145.3 69 146.25 60.15 146.1 56.8 150.55 55.6720703125 152.07578125 55.3 154.05 53.5056640625 153.230859375 51.15 153.1 44.25 152.65 42.25 157.75 41.45 159.6 40.8 160.45 39.6 162.1 37.75 163 30.75 166.35 28.25 168.25 27.4 168.9 22.8 171.8 19.5 173.9 17.65 175.65 14.5447265625 178.5828125 13.2 182.7 13.0345703125 182.7384765625 12.85 182.8 11.5 183.2 11.05 184.55 10.75 185.5 10.45 186.5 6.7990234375 189.8556640625 4.05 193.8 3.21484375 194.815234375 2.45 195.85 -0.25 199.5 -0.25 201.15 -0.25 202.819140625 1.1 205.75 2.8189453125 211.60390625 6.3 216.7 7.2 218.05 8.6 218.2 9.5982421875 218.456640625 10.6 218.75 11.81640625 219.3826171875 13.45 220.05 15.15 220.75 20.85 222.65 25.5 224.25 30.3 225.25 37.7 226.75 50 227.9
L 66.5 227.9
Q 72.683984375 226.76015625 78.1 225.1 79.1794921875 224.8728515625 80.25 224.55 87.3 222.7 93.85 219.45 100.05 216.2 106.8 215.05 111.35 214.4 116 214.05 131.65 212.8 147.25 211.05 154.379296875 210.4841796875 161.15 208.65 162.5611328125 208.4365234375 163 208.4 166.7787109375 208.0666015625 170.95 206.55 168.9576171875 213.580859375 171.45 220.65 173.4859375 226.491015625 177.25 230.85 179.06015625 232.949609375 181.25 234.7 183.5181640625 236.5134765625 186.2 237.95 186.561328125 238.160546875 186.9 238.35 199.7 245.55 218.5 248
L 219.7 248
Q 232.5068359375 249.80546875 245.55 249 262.6994140625 248.79921875 279 243.65 280.2443359375 243.42421875 281.2 243.2 285 242.3 298.65 236.6 304.1 234.4 316.05 226.85 325.3552734375 220.9865234375 328.7 217.4 329.9423828125 217.068359375 330.45 215.45 332 210.65 331.6 205.55 330.75 194.7 330.65 184
M 324.1 183.9
Q 324.95 184.65 325.55 185.75 326.35 195.45 326.5 205.25 326.55 207.6 326.15 209.85 322.8455078125 212.6771484375 320 215.9 318.9701171875 216.7796875 317.9 217.75 315 220.35 308.7 224.15 303.1 227.5 298.65 229.5 284.4984375 235.7484375 279.05 237.7 273.6044921875 239.6546875 244.85 241.75
L 219.1 241.75
Q 208.1 240 201.55 238.05 197.75 236.95 191.85 234.5 189.35 233.45 182.7 228.5 181.4013671875 227.4888671875 180.35 226.7 179.1337890625 225.1 178.1 223.3 176.8 221.1 176 218.6 173.3185546875 209.9595703125 178.7 202.55 179.6125 201.759765625 179.8 201 179.96796875 200.808984375 180.1 200.6 176.4 209.2 181.85 217.15 183.15 219 184.6 220.8 185.7 222.2 187.4 222.8 200.2 227.5 213.6 229.95 220.55 231.1 227.65 231.45 241.5 231.75 255.2 229.85 266.45 228.2 277.4 224.4 284.45 222.15 291.25 218.85 296.55 216.3 301.45 212.95 303.15 211.8 304.95 210.7 309.7 207.7 312.8 203 317 196.65 317.85 189.2 318.45 183.65 315.7 178.75 320.45 180.35 324.1 183.9
M 252.65 5.5
Q 259.45 5.5 262.15 9.25 263.7 11.4 263.7 14.5 263.7 14.7 262.85 17.95 262.4 19.6 261.7 22.1 261.4 23.25 261.15 24.25
L 259.2 28.25
Q 258.55 29.95 257.9 31.6 257.15 33.5 256.95 35.45 256.35 41 258.35 46.15 262.85 57.9 267.75 69.6
L 263.7 69.75 265.8 72.15
Q 254.55 75.9 243.85 70.7 236.4 67.1 230.7 61.2
L 230.25 60.15 229.45 60.15
Q 228.65 59.45 227.95 58.7 222.65 53.15 218.55 46.75 218 46.55 218 46.95 218.05 48.3 218.45 49.6 220.95 57.6 226.9 63.3 225.95 65.25 225.45 67.3 223.15 76.75 222.6 86.55 222.55 89.75 222.35 92.95 221.95 100.55 223.65 108.15
L 222.3 108.95
Q 218.55 108 214.75 109.5 204.15 113.25 192.9 113.75 176.7 114.2 160.35 112.4 144.55 110.8 130.05 104.1
L 130.8 105.25
Q 130.1 104.8 129.45 104.35 121.1 99.05 115.8 90.9 114.3107421875 88.5833984375 113.75 86 115.60546875 83.2123046875 124.45 76.5 127.119140625 74.4685546875 129.85 72.45 134.2974609375 69.8431640625 138.9 67.5 143.85 64.9 148.7 62.2 156.45 57.9 165.2 55.65 167.55 55.05 168.4 52.9
L 168.35 52.8
Q 168.5 52.4244140625 168.5 52 168.5 51.4572265625 167.4 47
L 165.6 36.45 164.8 36.6
Q 164.95 35.85 165.3 35.05 165.9 33.55 167.05 31.8 167.35 31.35 167.7 30.9 168.9 29.25 170.45 27.7 170.6 29.95 173.15 31.55 178.2 34.65 191.7 34.65 209.15 34.65 222.25 23.85 224.15 22.8 226.3 20.25 229.8 16.15 231.9 14.75 238.1 10.65 240.1 9.55 247.45 5.5 252.65 5.5
M 258.05 79
L 258.1 88.8
Q 259.15 94.8 263.35 99.55 264.95 101.3 266.5 103.2 267.35 104.35 268.25 105.4 264.25 108.05 259.9 110.35 259.25 110.6 258.25 110.25 251.2 107.5 245.4 102.6 241.4 99.2 236.2 97.35 233.75 96.55 231.75 98.3 230.5 99.3 229.65 100.6 229.1 101.55 228.4 102.4 226.6 88.9 228.95 75.55
L 230.35 66.55
Q 238.15 73.8 248.25 77.3 252.95 79 258.05 79
M 227.6 12.95
Q 226.75 13.9 226 14.9 225.45 15.25 224.9 15.7 220.2 19.7 217.7 21.4 214.8 24.4 210.3 26.45 201.8 30.25 186.25 30.25 177.85 30.25 175.15 28.4 173.7 27.4 173.65 24.9 174.85 24 176.15 23.1 192.55 12.25 223.2 12.25 223.85 12.25 226.6 12.75 227.15 12.85 227.6 12.95
M 223.65 114.4
Q 229.45 108.1 235.45 102.15 244.6 108.55 254.25 114 257.2 115.7 260.7 115.95 261.8 115.6 262.65 115.05 266.1 112.75 269.45 110.25
L 275.9 120 279.5 127.6
Q 275.2875 131.2326171875 275.05 134.25 270.0728515625 139.5830078125 265.5 145.6 264.1 147.4 262.7 149.25 258.05 155.35 252.3 160.35 248.6 163.55 243.7 164 239.95 160.15 236.8 155.9 230.25 146.85 227.75 136
L 226.95 135.5 227.7 135.65 227.4 133.75 226.9 129.95
Q 225.8 129.8 224.75 129.65 224.35 129.65 223.95 129.65 209.4 131.75 197.85 141.15 195.4 143.2 194.15 146.15 193.1 148.5 194.3 150.9 192.7 150.15 191.05 149.65 183.6 147.9 175.8 147.3
L 172.5 141.7
Q 172.6 140.4 171.75 139.5 169.9 137.7 168.1 135.9 165.55 133.25 162.35 131.45 157.9 129.05 153.95 125.95 149.75 121.8 144.85 118.5 143.25 117.45 141.55 116.65 141.95 120.05 144.6 122.8 146.25 124.5 147.85 126.25 146.6 126.65 144.75 128 143.3 128.95 142.75 130.4 142.05 132.3 141.8 134.15
L 132 143.1 126.8 136.4
Q 121.7 128.7 114.35 123.15 108.9 119.1 102.45 118.3 100.25 117.9 98.4 119.3
L 90.6 120.8 90.8 119.9
Q 85.25 122.35 79.15 123.25
L 79.3 121.2 82.15 120.15 79.35 120.8
Q 80.05 112.4 84 105 85.1 102.95 86.45 101.2 86.8 100.75 87.25 100.35 94.6 101.15 101.25 104.35 108.8 107.8 116.65 111.05 117.1 111.25 117.75 111.1
L 118.6 110.3 117.65 107.4 120.15 104.6
Q 120.212890625 104.6 120.25 104.6 120.4685546875 104.6 120.65 104.55 133.87890625 115.4697265625 150.95 117.35 172.8 119.55 194.8 118.8 205.95 117.95 216.5 114.6 217.95 114.1 219.4 113.6
L 217.6 118.3 217.85 119.9
Q 218.2 119.95 218.4 119.8 221.1 117.2 223.65 114.4
M 207.6 140.35
Q 211.6 138.45 215.9 137.05 219.3 135.8 223.05 135.25 223.95 136.2 224.15 138.7 224.25 139.75 224.35 140.8 225.3 149.05 229.7 156.85
L 220.05 160.35 207.3 166.85 202.5 158.7
Q 203.05 156.2 201.35 154.1 200 152.55 199.45 150.45 199.05 148.95 198.8 147.45 202.15 142.85 207.6 140.35
M 167 144.15
L 168.4 146.85 167.75 148.7
Q 162.35 149.4 157.6 152.15
L 160.15 152.5
Q 155.5 160.6 154.5 170.05 154.35 171.45 154.7 172.5 155.9 175.95 159.7 176.55 161.2 176.75 162.75 176.75 168.4 176.85 173.95 175.75
L 167.95 182.85
Q 165.6 183 163.55 183.65 160.55 184.6 157.5 185.25 151.95 186 146.35 186 135.5 186 124.65 186.65 121.65 186.95 118.9 187.75 109.3 190.8 100.05 195.1 97.85 196.15 95.7 197.1 93.15 198.1 90.55 199.05 86.5 200.6 82.2 201.65 79.15 202.25 76.05 202.2 66.35 203.15 56.65 202.95 52.9 202.85 49.2 202.3
L 51.95 201.15 51.7 200.4 49.8 199.75
Q 48.3 199.2 46.65 199.2 34.6 199.2 22.5 197.4 22.0064453125 197.3375 21.5 197.25
L 21.6 197
Q 21.4 196.55 19.55 193.55 18.4125 191.6068359375 18.35 190.75 18.4291015625 190.528125 18.5 190.3
L 18.5 190.25
Q 18.970703125 189.06328125 19.1 187.9 19.125390625 187.5576171875 19.1 187.25 19.3923828125 185.8578125 19.5 185.4 20.4935546875 182.1830078125 22.85 179.85 24.5380859375 178.738671875 26.1 177.5 28.15 175.95 30.35 174.8 39.3 169.95 48.9 166.7 49.25 166.85 49.6 167 50.05 167.15 50.5 167.35 51.25 167.95 52.1 168.65 59.45 174.6 59.8 175 60.15 175.35 61.65 177.65 62.9 179.55 64.95 182.85 68.7 188.75 70.2 188.75 75.45 188.75 77.95 187.25 79.8 186.15 79.8 184.45 79.8 184.05 79.8 183.65 80 183.4 79.9 183.05 79.85 182.85 79.8 182.65 79.6 179.55 78.95 177.8 78.25 175.9 75.55 171.65 74.9 170.7 74.2 169.65 74.16015625 169.5705078125 74.1 169.5
L 75.9 171.5 86.3 184
Q 88.4 184 89.75 182.45 91.8 179.95 93.05 176.85 93.45 175.95 93.4 174.95 93 168.75 88.8 163.7 88.4 163.15 88.05 162.6 87.75 162.05 87.4 161.55 88.75 162.3 89.3 162.75 89.4 162.85 89.7 163.15 90.7 164.25 93.9 168.15 97.65 172.2 100.45 172.7 101.35 173.25 102.3 173.8 103.05 174.2 103.8 173.85 110.05 170.85 113.4 164.35 113.7 163.8 113.7 163.25 113.45 156.55 108.55 151.9 108.1 151.3 107.55 150.75 107.1 150.3 106.6 149.85 101.9 145.6 94.15 143.8 87.45 142.25 81.65 143 81.55 143 81.45 143.05 79.35 141.4 77.35 139.8 75.128125 138.098046875 73.4 135.95 72.6 134.8509765625 72.6 134.25 72.6 132.262109375 75.25 129.8 76.7826171875 128.687890625 78.8 128.15 79.7 127.85 80.65 127.75 81.9 127.5 83.15 127.3 85.6 126.75 88.1 126.15 88.75 125.95 89.45 125.75
L 89.25 125.95
Q 92.85 125.5 98.3 125.1
L 99.1 126.15 100 125.1
Q 107.15 126.7 113.8 130.3 115.65 131.3 117.6 132.5
L 117.15 131.55 118.75 133.4 128.15 145.7
Q 127.15 148.2 124.3 149.6 123.8 149.75 123.4 150.05
L 113.05 155.05 113.3 156.75 125.65 155.5
Q 133.4 153.95 134.25 146.45 134.35 145.75 134.95 145.35 136.65 144.15 138.75 142.95 141.85 141.25 143.75 138.15 144.8 136.4 146.15 136.15
L 147 133.1
Q 147.8 132.25 148.8 131.7 150.7 130.65 153 131.1
L 159.8 137.45 166.95 143.5 167 144.15
M 186.3 172.55
Q 187.15 170.6 184.8 169.9 180.75 169 176.55 170.05 172.7 171.05 169 171.6 172.75 170.55 176.25 169.35 177.65 168.95 177.35 167.55 177 165.7 175 165.25 169.75 164.3 164.55 165 161.6 167.5 162.6 171.4
L 159.8 171.1
Q 159.5 170.45 159.55 169.9 160.05 164.95 161.95 160.4 163.05 156.5 165.85 153.8 167.6 152.2 169.95 152.2 172.2 152.2 173.55 153.8 175.45 152.9 177.7 153.4 187.5 155.45 197.2 158.25 199.3 164.55 204.45 168.45 197.1 173.2 196.2 181.75 195.8 185.8 199.7 185 201.85 184.55 204 183.65 200.2 187.95 200.95 193.6 201.05 194.2 201.45 194.8 202.8 195.6 204.05 195.4 205.2 195.05 206.3 194.75 203.5 199.35 205.7 203.95 206 204.55 206.65 204.95 207.15 205.2 207.7 205.35 216.7 204 225.45 200.7 233.9 197.45 242.7 196.05 250.85 194.95 259 194 268.4 192.9 277.75 192.1 285.25 191.95 292.4 189.95 293.95 189.6 294.2 188 294.3 187.2 294.35 186.4 293.45 181.55 288.55 179.3 287.65 178.95 286.8 178.5 286 176.95 285.05 174.95 283.7 172.05 280.65 171 279.1 170.55 277.6 170.1 275.45 169.4 273.3 168.85 274 165.85 272 163.5 270.05 161.1 267.75 159.85
L 264.85 158.75 265.95 153 273.2 144.35 277.6 137.05
Q 281.05 133.2 286.05 131.15
L 285.9 130.7
Q 289.3828125 129.0396484375 291.1 128.8 291.5529296875 129.070703125 291.95 129.6 292.95 131 294 132.4 296.45 135.3 296.25 138.95 296.2 139.65 295.8 140.3 294.25 142.75 291.65 144.25 293.55 142.95 293.95 140.95 294.25 139.55 293.3 138.45
L 292.6 138.2
Q 285.4 140.7 282.1 147.5
L 282.35 148.85 273.65 154.9 274.05 157.05
Q 275.4 158.55 277.4 157.8 277.7 157.65 278 157.55 289.3 160.4 299 167.05 300.15 167.8 301.25 168.65 301.55 172.2 304.95 173.9 305.4 174.2 305.9 174.5 309.6 178.65 311.95 184.1 313.95 188.85 311.95 193.8 308.65 202.05 301.35 207.1 294.45 211.85 286.65 215.1 278.55 218.45 270.05 220.7 261.3 223 252.35 224.45 242.8 225.95 232.9 226.2 225.05 226.4 217.15 225.35 210.45 224.35 203.55 222.75 198.9 221.75 194.25 220.75 191.95 220.15 189.85 218.85 186.65 215 184.4 210.35 182.75 207.1 184.3 203.7 187.6 196.5 189.75 188.8 189.9 188.25 189.75 187.7 188.7 184.4 186.75 181.45 184.45 177.9 183.75 173.8
L 186.3 172.55
M 181.5 187.85
Q 177.7 190.45 175.6 194.35 173.95 197.45 171 199.3 170.7251953125 199.478515625 170.45 199.65 170.375 199.6765625 170.3 199.7 163.55 201.85 157 203.15 151.5 204.3 131.1 204.9 112.65 205.45 102.6 208.5 99.4 209.45 87.15 215.2 77.35 219.85 65.85 221.9
L 52.55 221.9 50.5 221.9
Q 26.1 219.7 13.5 213.9 11.45 211.35 9.4 208.5 5.25 202.85 5.25 201.3 5.25 200.3658203125 10.4 194.6 11.201953125 196.9984375 13.05 198.6 16.05 201.25 20.2 202.15 33.7 204.55 47.15 206.45
L 47.55 206.55 48.25 206.65
Q 52.6 207.25 57 207.9 66.4 207.75 75.8 207.65 85.15 206.75 93.65 202.85 99.7 200.1 105.8 197.6 108.9 196.35 111.5 195.2 113.7 194.3 115.1 192.45 115.6 192.35 116.15 192.25 117 192.1 117.85 192 123.75 191.5 129.65 191.35 141.4 191 153.2 190.4 160.35 189.9 167.1 188.2 170.05 187.4 172.2 185.2 174.3 183 176.5 180.75 178.35 178.85 179.35 176.35
L 183.95 186.85 182.85 187.6
Q 182.55 187.55 182.25 187.5 181.85 187.65 181.5 187.85
M 239 168.2
L 229.9 169.65 201.3 180.15
Q 206 173.4 213.1 169.3 216.65 167.2 220.4 165.1 222.45 163.95 224.6 163.1
L 232.45 161.15 239 168.2
M 206.7 188.5
Q 210.85 183.05 217.3 180.05 221.45 178.1 225.55 176.05 225.5 176 225.5 175.95 225.4 175.85 225.4 175.8 225.45 175.7 225.55 175.65
L 233.4 173.65
Q 242.95 171.05 253.05 170.7 256.2 170.45 259.35 170.25 268.8 169.35 277.55 173.4 280.2 174.55 281.6 177
L 251.4 179.6 240.2 181 206.7 188.5
M 231.1 193.8
Q 228.95 194.35 226.7 195.2 219.45 197.8 212.1 199.7 210.85 200.1 209.55 200.3 209.35 199.35 209.55 198.2 209.95 195.75 212 194.35 217.7 190.5 224.6 189.3 226.75 189.05 228.85 188.5 236.65 186.6 244.85 185.8
L 282.5 181.95 283.15 182.35
Q 284.35 184.2 286.15 184.25
L 288.95 186
Q 280.4 186.6 272.05 187.15 261.25 187.95 250.5 189.65 240.65 191.05 231.1 193.8
M 264.8 163.75
L 268.85 165.75 263.1 165.85 253.95 165.7 255.15 164.05 258.05 162.15 264.8 163.75
M 79.55 148.25
Q 80.05 148.25 80.7 148.25 94.15 148.25 101.35 152.15 102.65 152.85 103.65 153.6 107.2 156.25 107.2 159.65 107.2 159.85 106.6 163.4 105.3 166.9 101.7 166.9 101.25 166.9 99.45 164.95 99.3 164.8 99.15 164.65 96.25 161.45 94.3 159.8 94.2 159.7 94.1 159.6 88.95 155.15 83.35 153.55 83.4 153.05 83.65 152.55
L 82.35 152 80.75 152.9
Q 80.4 152.85 80.1 152.85 79.7 152.8 79.35 152.8 78.35 152.45 78.1 151.35 77.9 150.3 78.4 149.6 78.95 148.8 79.55 148.25
M 75.3 156.65
Q 76.15 157.2 77 157.85 81.7 161.35 84.95 166.2 86.6 168.1 87.95 170.3 89.4 172.75 89.35 175.5 89.3 178.25 86.5 177.95 86.25 177.8 86.1 177.65 82.5 174 80.2 169.3
L 79.6 168.25 73.35 162.4
Q 68.3 160.1 63.65 157 61.9544921875 155.8958984375 62.1 154.25 63.0177734375 153.1130859375 64.6 152.7 70.718359375 153.8138671875 75.65 157.9
L 75.3 156.65
M 64.75 172.4
L 61.7 170.05
Q 55.45 163.55 50.75 161.6
L 50.2 161.2 49.95 161.3
Q 49.3 161.1 48.7 160.95
L 49.8 160.5 50.35 158.9
Q 51.1 158.35 52.1 158.65 55.25 159.35 58.05 161 60.3 163.15 65.55 167.65 68.95 170.85 71.1 173.6 74.8 178.3 74.8 181.65 74.8 182.9 74.7 182.75
L 72.3 183.25
Q 70.15 179.95 67.4 176.55 67.15 175.95 66.9 175.35
L 66.4 174.4 64.75 172.4
M 161.55 140.6
Q 161.1 140.35 160.6 140.2 157.25 139.9 156.6 143.2 156.1 145.9 157.75 147.9 158.2 148.45 158.85 148.9
L 164.55 146.4
Q 165.3 142.25 161.55 140.6 Z"/>

<path fill="#DB93E6" stroke="none" d="
M 74.8 181.65
Q 74.8 178.3 71.1 173.6
L 66.9 175.35
Q 67.15 175.95 67.4 176.55 70.15 179.95 72.3 183.25
L 74.7 182.75
Q 74.8 182.9 74.8 181.65
M 87.95 170.3
Q 86.6 168.1 84.95 166.2
L 80.2 169.3
Q 82.5 174 86.1 177.65 86.25 177.8 86.5 177.95 89.3 178.25 89.35 175.5 89.4 172.75 87.95 170.3
M 107.2 159.65
Q 107.2 156.25 103.65 153.6
L 94.65 159.8
Q 96.6 160.05 97.55 161.35 98.3 162.45 98.95 163.85 99.2 164.4 99.45 164.95 101.25 166.9 101.7 166.9 105.3 166.9 106.6 163.4 107.2 159.85 107.2 159.65
M 258.05 162.15
L 255.15 164.05 253.95 165.7 263.1 165.85 264.8 163.75 258.05 162.15
M 233.4 173.65
L 240.2 181 251.4 179.6 259.35 170.25
Q 256.2 170.45 253.05 170.7 242.95 171.05 233.4 173.65
M 224.6 163.1
L 229.9 169.65 239 168.2 232.45 161.15 224.6 163.1
M 175.6 194.35
Q 177.7 190.45 181.5 187.85 181.85 187.65 182.25 187.5 182.55 187.55 182.85 187.6
L 183.95 186.85 179.35 176.35
Q 178.35 178.85 176.5 180.75 174.3 183 172.2 185.2 170.05 187.4 167.1 188.2 160.35 189.9 153.2 190.4 141.4 191 129.65 191.35 123.75 191.5 117.85 192 117 192.1 116.15 192.25 115.6 192.35 115.1 192.45 113.7 194.3 111.5 195.2 108.9 196.35 105.8 197.6 99.7 200.1 93.65 202.85 85.15 206.75 75.8 207.65 66.4 207.75 57 207.9 52.6 207.25 48.25 206.65 48 208 47.95 209.4 47.85 211.45 47.05 210.5
L 47.55 206.55 47.15 206.45 45.55 211 52.55 221.9 65.85 221.9
Q 77.35 219.85 87.15 215.2 99.4 209.45 102.6 208.5 112.65 205.45 131.1 204.9 151.5 204.3 157 203.15 163.55 201.85 170.3 199.7 170.375 199.6765625 170.45 199.65 170.7251953125 199.478515625 171 199.3 173.95 197.45 175.6 194.35
M 262.15 9.25
Q 259.45 5.5 252.65 5.5 247.45 5.5 240.1 9.55 238.1 10.65 231.9 14.75 229.8 16.15 226.3 20.25 224.15 22.8 222.25 23.85 209.15 34.65 191.7 34.65 178.2 34.65 173.15 31.55 170.6 29.95 170.45 27.7 168.9 29.25 167.7 30.9 167.35 31.35 167.05 31.8 165.9 33.55 165.3 35.05
L 165.6 36.45 167.4 47
Q 168.5 51.4572265625 168.5 52 168.5 52.4244140625 168.35 52.8
L 168.4 52.9 212.95 41.6 222.6 86.55
Q 223.15 76.75 225.45 67.3 225.95 65.25 226.9 63.3 220.95 57.6 218.45 49.6 218.05 48.3 218 46.95 218 46.55 218.55 46.75
L 215.1 41 259.2 28.25 261.15 24.25
Q 261.4 23.25 261.7 22.1 262.4 19.6 262.85 17.95 263.7 14.7 263.7 14.5 263.7 11.4 262.15 9.25
M 326.15 209.85
Q 326.55 207.6 326.5 205.25 326.35 195.45 325.55 185.75 324.25 195.2 319.2 203.25 313.9 211.75 306 217.75 298.4 223.45 289.8 227.3 280.95 231.35 271.6 233.95 263.8 236.05 255.55 237.15 246.85 238.45 238.2 238.8 228.4 239.2 218.35 238.6 208.9 237.9 199.7 235.15 190.15 232.3 182.4 226.1 178.45 222.95 176 218.6 176.8 221.1 178.1 223.3 179.1337890625 225.1 180.35 226.7 181.4013671875 227.4888671875 182.7 228.5 189.35 233.45 191.85 234.5 197.75 236.95 201.55 238.05 208.1 240 219.1 241.75
L 244.85 241.75
Q 273.6044921875 239.6546875 279.05 237.7 284.4984375 235.7484375 298.65 229.5 303.1 227.5 308.7 224.15 315 220.35 317.9 217.75 318.9701171875 216.7796875 320 215.9 322.8455078125 212.6771484375 326.15 209.85 Z"/>

<path fill="#FEEBF7" stroke="none" d="
M 61.7 170.05
L 64.75 172.4 66.4 174.4 66.9 175.35 71.1 173.6
Q 68.95 170.85 65.55 167.65 60.3 163.15 58.05 161 55.25 159.35 52.1 158.65 51.1 158.35 50.35 158.9
L 49.8 160.5 48.7 160.95
Q 49.3 161.1 49.95 161.3
L 50.2 161.2 50.75 161.6
Q 55.45 163.55 61.7 170.05
M 62.1 154.25
Q 61.9544921875 155.8958984375 63.65 157 68.3 160.1 73.35 162.4 76.9 164.2 79.15 167.55 79.35 167.9 79.6 168.25
L 80.2 169.3 84.95 166.2 75.65 157.9
Q 70.718359375 153.8138671875 64.6 152.7 63.0177734375 153.1130859375 62.1 154.25
M 80.7 148.25
Q 80.05 148.25 79.55 148.25 78.95 148.8 78.4 149.6 77.9 150.3 78.1 151.35 78.35 152.45 79.35 152.8 79.7 152.8 80.1 152.85 80.4 152.85 80.75 152.9
L 82.35 152 84.3 151.15 83.65 152.55
Q 83.4 153.05 83.35 153.55 88.95 155.15 94.1 159.6
L 94.65 159.8 103.65 153.6
Q 102.65 152.85 101.35 152.15 94.15 148.25 80.7 148.25
M 268.85 165.75
L 264.8 163.75 263.1 165.85 268.85 165.75
M 226.7 195.2
Q 228.95 194.35 231.1 193.8 240.65 191.05 250.5 189.65 261.25 187.95 272.05 187.15 280.4 186.6 288.95 186
L 286.15 184.25
Q 284.35 184.2 283.15 182.35
L 282.5 181.95 244.85 185.8
Q 236.65 186.6 228.85 188.5 226.75 189.05 224.6 189.3 217.7 190.5 212 194.35 209.95 195.75 209.55 198.2 209.35 199.35 209.55 200.3 210.85 200.1 212.1 199.7 219.45 197.8 226.7 195.2
M 281.6 177
Q 280.2 174.55 277.55 173.4 268.8 169.35 259.35 170.25
L 251.4 179.6 281.6 177
M 217.3 180.05
Q 210.85 183.05 206.7 188.5
L 240.2 181 233.4 173.65 225.55 175.65
Q 225.45 175.7 225.4 175.8 225.4 175.85 225.5 175.95 225.5 176 225.55 176.05 221.45 178.1 217.3 180.05
M 229.9 169.65
L 224.6 163.1
Q 222.45 163.95 220.4 165.1 216.65 167.2 213.1 169.3 206 173.4 201.3 180.15
L 229.9 169.65
M 45.55 211
L 47.15 206.45
Q 33.7 204.55 20.2 202.15 16.05 201.25 13.05 198.6 11.201953125 196.9984375 10.4 194.6 5.25 200.3658203125 5.25 201.3 5.25 202.85 9.4 208.5 11.45 211.35 13.5 213.9 26.1 219.7 50.5 221.9
L 52.55 221.9 45.55 211
M 47.95 209.4
Q 48 208 48.25 206.65
L 47.55 206.55 47.05 210.5
Q 47.85 211.45 47.95 209.4
M 168.4 52.9
Q 167.55 55.05 165.2 55.65 156.45 57.9 148.7 62.2 143.85 64.9 138.9 67.5 134.2974609375 69.8431640625 129.85 72.45 127.119140625 74.4685546875 124.45 76.5 115.60546875 83.2123046875 113.75 86 114.3107421875 88.5833984375 115.8 90.9 121.1 99.05 129.45 104.35 130.1 104.8 130.8 105.25
L 130.05 104.1
Q 144.55 110.8 160.35 112.4 176.7 114.2 192.9 113.75 204.15 113.25 214.75 109.5 218.55 108 222.3 108.95
L 223.65 108.15
Q 221.95 100.55 222.35 92.95 222.55 89.75 222.6 86.55
L 212.95 41.6 168.4 52.9
M 177.75 58.2
Q 186.5 56.45 195.1 58.5 201.2 59.75 203.65 65.15 204.95 68 203.65 70.6 199.3 79.5 192.5 86.65 185.85 93.6 177 97 168.9 100.25 160.2 98.9 157.7 98.35 155.35 97.5 153.25 96.85 151.45 95.7 149.75 94.6 148.6 93.05 142.65 85.05 147.85 76.05 152.6 67.85 161.2 63.6 169.05 59.75 177.75 58.2
M 167.4 92.2
Q 170.25 92.05 172.75 91.4
L 166.15 68.7 161.75 71.85
Q 157.7 75.2 154.35 79.2 152.15 81.85 152.05 85.2 151.95 87.9 154.45 89.4 160.3 93.1 167.4 92.2
M 197.8 69.9
Q 197.2 64.9 191.8 65 186.3 65.15 182.05 62
L 170.4 66.15
Q 172.2 69.2 173.3 72.5 176.1 80.85 178.5 89.35 191.3 82.65 197.8 69.9
M 257.9 31.6
Q 258.55 29.95 259.2 28.25
L 215.1 41 218.55 46.75
Q 222.65 53.15 227.95 58.7 228.65 59.45 229.45 60.15
L 230.25 60.15 230.7 61.2
Q 236.4 67.1 243.85 70.7 254.55 75.9 265.8 72.15
L 263.7 69.75 267.75 69.6
Q 262.85 57.9 258.35 46.15 256.35 41 256.95 35.45 257.15 33.5 257.9 31.6
M 325.55 185.75
Q 324.95 184.65 324.1 183.9 320.45 180.35 315.7 178.75 318.45 183.65 317.85 189.2 317 196.65 312.8 203 309.7 207.7 304.95 210.7 303.15 211.8 301.45 212.95 296.55 216.3 291.25 218.85 284.45 222.15 277.4 224.4 266.45 228.2 255.2 229.85 241.5 231.75 227.65 231.45 220.55 231.1 213.6 229.95 200.2 227.5 187.4 222.8 185.7 222.2 184.6 220.8 183.15 219 181.85 217.15 176.4 209.2 180.1 200.6 179.96796875 200.808984375 179.8 201 179.6125 201.759765625 178.7 202.55 173.3185546875 209.9595703125 176 218.6 178.45 222.95 182.4 226.1 190.15 232.3 199.7 235.15 208.9 237.9 218.35 238.6 228.4 239.2 238.2 238.8 246.85 238.45 255.55 237.15 263.8 236.05 271.6 233.95 280.95 231.35 289.8 227.3 298.4 223.45 306 217.75 313.9 211.75 319.2 203.25 324.25 195.2 325.55 185.75 Z"/>

<path fill="#AB164A" stroke="none" d="
M 277.75 192.1
Q 268.4 192.9 259 194 250.85 194.95 242.7 196.05 233.9 197.45 225.45 200.7 216.7 204 207.7 205.35 205.85 206.1 204.05 206.7 194.5 210.25 189.85 218.85 191.95 220.15 194.25 220.75 198.9 221.75 203.55 222.75 210.45 224.35 217.15 225.35 225.05 226.4 232.9 226.2 242.8 225.95 252.35 224.45 261.3 223 270.05 220.7 278.55 218.45 286.65 215.1 294.45 211.85 301.35 207.1 308.65 202.05 311.95 193.8 313.95 188.85 311.95 184.1 309.6 178.65 305.9 174.5 305.85 184.6 302.65 194 302.45 194.55 302.1 195 299.55 191.9 297.65 188.4 296.6 186.5 294.35 186.4 294.3 187.2 294.2 188 293.95 189.6 292.4 189.95 285.25 191.95 277.75 192.1
M 292.6 138.2
L 293.3 138.45
Q 294.25 139.55 293.95 140.95 293.55 142.95 291.65 144.25 294.25 142.75 295.8 140.3 296.2 139.65 296.25 138.95 296.45 135.3 294 132.4
L 273.2 144.35 265.95 153 264.85 158.75 267.75 159.85 274.05 157.05 273.65 154.9 282.35 148.85 282.1 147.5
Q 285.4 140.7 292.6 138.2
M 184.8 169.9
Q 187.15 170.6 186.3 172.55
L 193.55 169.5
Q 185.5 163.45 175.75 160.9 170.95 159.55 166 160.25 163.95 160.3 161.95 160.4 160.05 164.95 159.55 169.9 159.5 170.45 159.8 171.1
L 162.6 171.4
Q 161.6 167.5 164.55 165 169.75 164.3 175 165.25 177 165.7 177.35 167.55 177.65 168.95 176.25 169.35 172.75 170.55 169 171.6 172.7 171.05 176.55 170.05 180.75 169 184.8 169.9
M 168.4 146.85
L 167 144.15 166.95 143.5 159.8 137.45
Q 153.75 141.75 147.9 146.5 146 147.95 143.95 149.4 135.75 154.9 125.65 155.5
L 113.3 156.75 113.05 155.05 123.4 150.05 128.15 145.7 118.75 133.4
Q 120.5 136.55 119.45 139.85 119.25 140.45 118.8 140.95 113.85 146.5 107.55 150.75 108.1 151.3 108.55 151.9 113.45 156.55 113.7 163.25 113.7 163.8 113.4 164.35 110.05 170.85 103.8 173.85 103.05 174.2 102.3 173.8 101.35 173.25 100.45 172.7 97.65 172.2 93.9 168.15 90.7 164.25 89.7 163.15
L 88.8 163.7
Q 93 168.75 93.4 174.95 93.45 175.95 93.05 176.85 91.8 179.95 89.75 182.45 88.4 184 86.3 184
L 75.9 171.5 75.55 171.65
Q 78.25 175.9 78.95 177.8 79.6 179.55 79.8 182.65 79.85 182.85 79.9 183.05 80 183.4 79.8 183.65 79.8 184.05 79.8 184.45 79.8 186.15 77.95 187.25 75.45 188.75 70.2 188.75 68.7 188.75 64.95 182.85 62.9 179.55 61.65 177.65 57.55 179.6 54.6 183.15 54 183.9 53.7 184.9 51.55 192.2 49.8 199.75
L 51.7 200.4 51.95 201.15 49.2 202.3
Q 52.9 202.85 56.65 202.95 66.35 203.15 76.05 202.2 79.15 202.25 82.2 201.65 86.5 200.6 90.55 199.05 93.15 198.1 95.7 197.1 97.85 196.15 100.05 195.1 109.3 190.8 118.9 187.75 121.65 186.95 124.65 186.65 135.5 186 146.35 186 151.95 186 157.5 185.25 160.55 184.6 163.55 183.65 165.6 183 167.95 182.85
L 173.95 175.75
Q 168.4 176.85 162.75 176.75 161.2 176.75 159.7 176.55 155.9 175.95 154.7 172.5 154.35 171.45 154.5 170.05 155.5 160.6 160.15 152.5
L 157.6 152.15
Q 162.35 149.4 167.75 148.7
L 168.4 146.85
M 160.6 140.2
Q 161.1 140.35 161.55 140.6 165.3 142.25 164.55 146.4
L 158.85 148.9
Q 158.2 148.45 157.75 147.9 156.1 145.9 156.6 143.2 157.25 139.9 160.6 140.2
M 224.35 140.8
Q 224.25 139.75 224.15 138.7 223.95 136.2 223.05 135.25 222.45 138.5 221.75 141.65 219.75 150.85 220.05 160.35
L 229.7 156.85
Q 225.3 149.05 224.35 140.8 Z"/>

<path fill="#FF2D32" stroke="none" d="
M 278 157.55
Q 277.7 157.65 277.4 157.8 275.4 158.55 274.05 157.05
L 267.75 159.85
Q 270.05 161.1 272 163.5 274 165.85 273.3 168.85 275.45 169.4 277.6 170.1 279.1 170.55 280.65 171 283.7 172.05 285.05 174.95 286 176.95 286.8 178.5 287.65 178.95 288.55 179.3 293.45 181.55 294.35 186.4 296.6 186.5 297.65 188.4 299.55 191.9 302.1 195 302.45 194.55 302.65 194 305.85 184.6 305.9 174.5 305.4 174.2 304.95 173.9 301.55 172.2 301.25 168.65 300.15 167.8 299 167.05 289.3 160.4 278 157.55
M 291.95 129.6
Q 291.5529296875 129.070703125 291.1 128.8 289.3828125 129.0396484375 285.9 130.7
L 286.05 131.15
Q 281.05 133.2 277.6 137.05
L 273.2 144.35 294 132.4
Q 292.95 131 291.95 129.6
M 193.55 169.5
L 186.3 172.55 183.75 173.8
Q 184.45 177.9 186.75 181.45 188.7 184.4 189.75 187.7 189.9 188.25 189.75 188.8 187.6 196.5 184.3 203.7 182.75 207.1 184.4 210.35 186.65 215 189.85 218.85 194.5 210.25 204.05 206.7 205.85 206.1 207.7 205.35 207.15 205.2 206.65 204.95 206 204.55 205.7 203.95 203.5 199.35 206.3 194.75 205.2 195.05 204.05 195.4 202.8 195.6 201.45 194.8 201.05 194.2 200.95 193.6 200.2 187.95 204 183.65 201.85 184.55 199.7 185 195.8 185.8 196.2 181.75 197.1 173.2 204.45 168.45 199.3 164.55 197.2 158.25 187.5 155.45 177.7 153.4 175.45 152.9 173.55 153.8 172.2 152.2 169.95 152.2 167.6 152.2 165.85 153.8 163.05 156.5 161.95 160.4 163.95 160.3 166 160.25 170.95 159.55 175.75 160.9 185.5 163.45 193.55 169.5
M 123.4 150.05
Q 123.8 149.75 124.3 149.6 127.15 148.2 128.15 145.7
L 123.4 150.05
M 88.05 162.6
Q 88.4 163.15 88.8 163.7
L 89.7 163.15
Q 89.4 162.85 89.3 162.75 88.75 162.3 87.4 161.55 87.75 162.05 88.05 162.6
M 134.95 145.35
Q 134.35 145.75 134.25 146.45 133.4 153.95 125.65 155.5 135.75 154.9 143.95 149.4 146 147.95 147.9 146.5 153.75 141.75 159.8 137.45
L 153 131.1
Q 150.7 130.65 148.8 131.7 147.8 132.25 147 133.1
L 146.15 136.15
Q 144.8 136.4 143.75 138.15 141.85 141.25 138.75 142.95 136.65 144.15 134.95 145.35
M 74.2 169.65
Q 74.9 170.7 75.55 171.65
L 75.9 171.5 74.1 169.5
Q 74.16015625 169.5705078125 74.2 169.65
M 18.35 190.75
Q 18.4125 191.6068359375 19.55 193.55 21.4 196.55 21.6 197
L 21.5 197.25
Q 22.0064453125 197.3375 22.5 197.4 34.6 199.2 46.65 199.2 48.3 199.2 49.8 199.75 51.55 192.2 53.7 184.9 54 183.9 54.6 183.15 57.55 179.6 61.65 177.65 60.15 175.35 59.8 175 59.45 174.6 52.1 168.65 51.25 167.95 50.5 167.35 50.05 167.15 49.6 167 49.25 166.85 48.9 166.7 39.3 169.95 30.35 174.8 28.15 175.95 26.1 177.5 24.5380859375 178.738671875 22.85 179.85 20.4935546875 182.1830078125 19.5 185.4 19.3923828125 185.8578125 19.1 187.25 19.125390625 187.5576171875 19.1 187.9 18.970703125 189.06328125 18.5 190.25
L 18.5 190.3
Q 18.4291015625 190.528125 18.35 190.75
M 80.65 127.75
Q 79.7 127.85 78.8 128.15 76.7826171875 128.687890625 75.25 129.8 72.6 132.262109375 72.6 134.25 72.6 134.8509765625 73.4 135.95 75.128125 138.098046875 77.35 139.8 79.35 141.4 81.45 143.05 81.55 143 81.65 143 87.45 142.25 94.15 143.8 101.9 145.6 106.6 149.85 107.1 150.3 107.55 150.75 113.85 146.5 118.8 140.95 119.25 140.45 119.45 139.85 120.5 136.55 118.75 133.4
L 117.15 131.55 117.6 132.5
Q 115.65 131.3 113.8 130.3 107.15 126.7 100 125.1
L 99.1 126.15 98.3 125.1
Q 92.85 125.5 89.25 125.95
L 89.45 125.75
Q 88.75 125.95 88.1 126.15 85.6 126.75 83.15 127.3 81.9 127.5 80.65 127.75
M 215.9 137.05
Q 211.6 138.45 207.6 140.35 202.15 142.85 198.8 147.45 199.05 148.95 199.45 150.45 200 152.55 201.35 154.1 203.05 156.2 202.5 158.7
L 207.3 166.85 220.05 160.35
Q 219.75 150.85 221.75 141.65 222.45 138.5 223.05 135.25 219.3 135.8 215.9 137.05 Z"/>

<path fill="#0066CC" stroke="none" d="
M 79.3 121.2
L 79.15 123.25
Q 85.25 122.35 90.8 119.9
L 90.6 120.8 98.4 119.3
Q 100.25 117.9 102.45 118.3 108.9 119.1 114.35 123.15 121.7 128.7 126.8 136.4
L 117.75 111.1
Q 117.1 111.25 116.65 111.05 108.8 107.8 101.25 104.35 94.6 101.15 87.25 100.35 86.8 100.75 86.45 101.2 85.1 102.95 84 105 80.05 112.4 79.35 120.8
L 82.15 120.15 79.3 121.2
M 235.45 102.15
Q 229.45 108.1 223.65 114.4 221.1 117.2 218.4 119.8 218.2 119.95 217.85 119.9
L 217.6 118.3
Q 210.1 123.5 201.7 126.9 192.4 130.7 182.3 130.6 172.75 130.55 163.55 128.8 158.6 127.8 153.95 125.95 157.9 129.05 162.35 131.45 165.55 133.25 168.1 135.9 169.9 137.7 171.75 139.5 172.6 140.4 172.5 141.7
L 175.8 147.3
Q 183.6 147.9 191.05 149.65 192.7 150.15 194.3 150.9 193.1 148.5 194.15 146.15 195.4 143.2 197.85 141.15 209.4 131.75 223.95 129.65 224.35 129.65 224.75 129.65 225.8 129.8 226.9 129.95
L 227.4 133.75
Q 228.65 134.75 229.85 135.85 237.4 142.25 245.2 148.4 248.05 150.65 250.85 148.2 258.15 142.1 264.2 134.75 270.2 127.5 275.9 120
L 269.45 110.25
Q 266.1 112.75 262.65 115.05 261.8 115.6 260.7 115.95 257.2 115.7 254.25 114 244.6 108.55 235.45 102.15 Z"/>

<path fill="#0F1B82" stroke="none" d="
M 227.7 135.65
L 226.95 135.5 227.75 136
Q 230.25 146.85 236.8 155.9 239.95 160.15 243.7 164 248.6 163.55 252.3 160.35 258.05 155.35 262.7 149.25 264.1 147.4 265.5 145.6 270.0728515625 139.5830078125 275.05 134.25 275.2875 131.2326171875 279.5 127.6
L 275.9 120
Q 270.2 127.5 264.2 134.75 258.15 142.1 250.85 148.2 248.05 150.65 245.2 148.4 237.4 142.25 229.85 135.85 228.65 134.75 227.4 133.75
L 227.7 135.65
M 217.6 118.3
L 219.4 113.6
Q 217.95 114.1 216.5 114.6 205.95 117.95 194.8 118.8 172.8 119.55 150.95 117.35 133.87890625 115.4697265625 120.65 104.55 120.4685546875 104.6 120.25 104.6 120.212890625 104.6 120.15 104.6
L 117.65 107.4 118.6 110.3 117.75 111.1 126.8 136.4 132 143.1 141.8 134.15
Q 142.05 132.3 142.75 130.4 143.3 128.95 144.75 128 146.6 126.65 147.85 126.25 146.25 124.5 144.6 122.8 141.95 120.05 141.55 116.65 143.25 117.45 144.85 118.5 149.75 121.8 153.95 125.95 158.6 127.8 163.55 128.8 172.75 130.55 182.3 130.6 192.4 130.7 201.7 126.9 210.1 123.5 217.6 118.3 Z"/>

<path fill="#F89587" stroke="none" d="
M 226 14.9
Q 226.75 13.9 227.6 12.95 227.15 12.85 226.6 12.75 223.85 12.25 223.2 12.25 192.55 12.25 176.15 23.1 174.85 24 173.65 24.9 173.7 27.4 175.15 28.4 177.85 30.25 186.25 30.25 201.8 30.25 210.3 26.45 214.8 24.4 217.7 21.4 220.2 19.7 224.9 15.7 225.45 15.25 226 14.9
M 258.1 88.8
L 258.05 79
Q 252.95 79 248.25 77.3 238.15 73.8 230.35 66.55
L 228.95 75.55
Q 234.1 81.1 241 84.4 249.2 88.2 258.1 88.8 Z"/>

<path fill="#FDDFBD" stroke="none" d="
M 241 84.4
Q 234.1 81.1 228.95 75.55 226.6 88.9 228.4 102.4 229.1 101.55 229.65 100.6 230.5 99.3 231.75 98.3 233.75 96.55 236.2 97.35 241.4 99.2 245.4 102.6 251.2 107.5 258.25 110.25 259.25 110.6 259.9 110.35 264.25 108.05 268.25 105.4 267.35 104.35 266.5 103.2 264.95 101.3 263.35 99.55 259.15 94.8 258.1 88.8 249.2 88.2 241 84.4 Z"/>

<path fill="#FF0000" stroke="none" d="
M 195.1 58.5
Q 186.5 56.45 177.75 58.2 169.05 59.75 161.2 63.6 152.6 67.85 147.85 76.05 142.65 85.05 148.6 93.05 149.75 94.6 151.45 95.7 153.25 96.85 155.35 97.5 157.7 98.35 160.2 98.9 168.9 100.25 177 97 185.85 93.6 192.5 86.65 199.3 79.5 203.65 70.6 204.95 68 203.65 65.15 201.2 59.75 195.1 58.5
M 191.8 65
Q 197.2 64.9 197.8 69.9 191.3 82.65 178.5 89.35 176.1 80.85 173.3 72.5 172.2 69.2 170.4 66.15
L 182.05 62
Q 186.3 65.15 191.8 65
M 172.75 91.4
Q 170.25 92.05 167.4 92.2 160.3 93.1 154.45 89.4 151.95 87.9 152.05 85.2 152.15 81.85 154.35 79.2 157.7 75.2 161.75 71.85
L 166.15 68.7 172.75 91.4 Z"/>
</g>

<g id="BF_Head_defalt_0_Layer0_0_FILL">
<path fill="#000000" stroke="none" d="
M 333.95 161.4
Q 335.2 157.95 335.7 156.45 336.75 153.4 336.75 150.25 336.75 143.65 326.05 140.4 315.35 137.15 293.6 137.1 285.3 136.85 279.65 138.55 279.3 138.65 279 138.8 279.75 133.45 279.75 128.9 279.75 121.15 276.8 120.25 275.15 119.75 272.35 121 273.35 118.9 274.15 117.25 276.25 112.85 276.25 111.15 276.25 107.35 266.4 80.8 256.15 53.25 251.1 45.1 245.35 33.9 241.05 28.35 233.65 18.7 219.75 13 209 8.6 191.7 5.5 177.95 3.05 151.05 0
L 128.55 0
Q 122 0.35 116.1 0.9 89.95 3.2 75.7 8.75 66.9 12.15 62.65 15.6 58.35 19 58.55 22.4
L 56.9 36.25
Q 57.1 41.7 57.55 43.75 57.8 45.1 58.25 46.1 57.25 46.85 56.2 47.9 53.05 51.1 52.4 51.6 48.65 54.55 45.2 58.2 42.9 60.6 39.55 64.65 30.35 76.4 15.3 96.9 0.2 117.4 0 120.7 -0.15 124 1.25 122.55 5.5 121.2 7.55 121.2 8.1 121.2 14.8 119.7 23.8 118.2 35.55 118.2 36.8 118.2 42.15 118.85 37.35 124.15 32.85 130.7 29.65 135.3 25.4 142.45 23.5 145.65 19 155.6 14.55 165.5 14.55 166.45 14.55 166.55 14.8 168.15 15.5 169.7 17.55 169.7 17.7 169.7 17.85 169.7 19.6 169.5 22.9 167.15 27.5 163.9 28.15 163.6 28.55 163.4 36.2 159.5 40.45 157.35 43.65 156.35 45.3 155.85 52.05 153.3 56.85 151.5 61.05 150.7 67.5 149.4 70.25 148.45 70.4 149.1 70.6 149.75 71.25 152.05 72.4 155.75 73.15 158.05 74.05 160.95 57.65 165 51.05 169.2 44.45 173.35 44.55 180.4 44.65 187.4 57.5 193.6 70.3 199.75 100.55 202.7
L 113.5 202.95 114.55 203.2 134.55 203.2
Q 166.85 198.7 175.8 196.65 181.5 195.4 193.35 192.2 198.8 190.95 213.3 184.5 214.75 183.85 216.1 183.25 224.05 179.6 227.2 177.35 228.5 179.2 230.1 181.4 232.8 184.7 234.6 184.7 236.7 184.7 238.9 176.55 240.35 178 242.4 179.85 250.65 187.35 256.35 187.35 264.25 187.35 272.4 164 273.8 159.95 274.95 156.2 275.8 157 276.95 157.85 281.8 161.5 289.4 165.1 307.65 173.85 321.6 173.85 329.5 173.85 331.85 169.45 333.1 167.1 333.25 163.2 333.6 162.25 333.95 161.4
M 330.5 150.65
Q 330.5 152.35 328.25 158.75 327.9 159.8 327.55 160.7 325.35 166.2 323.6 167.45
L 319.6 167.45
Q 310.65 167.25 303.65 164.55 296.65 161.25 293.25 159.85 285.9 156.85 279.85 152.4 277.85 150.75 276.75 149.8 277.1 148.3 277.45 146.9 277.8 145.25 278.1 143.75 279.2 143.65 282.1 143.45 287.75 143.05 300.15 143.7 310.6 144.25 312.85 144.6 316.6 145 322.2 146.4 330.5 148.5 330.5 150.65
M 245.35 47.85
Q 249.65 55.75 259.55 81.5 269.5 107.45 269.5 110.9 269.5 111.15 266 119.2 263.9 124 263.1 127.1 261.1 128.7 258.85 130.7 254.95 134.2 248.9 140.4 245.45 143.95 243.3 146.45 242.5 145.2 240.6 145.2 240.35 145.2 240.1 145.25 232.85 141.35 216.3 135.7 199.9 130.45 189.55 127.1 197.9 94.1 201.75 76.6 202.95 71.2 205.25 63.65 208 55.1 209.35 50.65 212.3 41.15 214.65 36.45 220.1 25.65 226.6 25.65 228.55 25.65 230.6 27.45 233.05 29.6 233.1 29.6
L 233.15 29.6
Q 234.2 30.8 235.1 32.1 242.15 41.9 245.35 47.85
M 217.25 26.85
Q 211.95 32.45 209 41.1 203.4 56.1 199.85 69.15 197.4 78.4 192.65 99.6 187.5 122.65 187.5 125.65 187.5 126.05 187.55 126.45 178.2 123.35 174.3 121.95 172.1 121.35 169.4 118.05 154.45 90.6 145.75 56.35 144.95 53.25 143.8 47.95 142.3 40.85 142.05 39.85 141.75 38.55 141.5 35.8 141.25 32.85 141 31.6 140.9 31 140.75 30.55 139.85 28.3 137.1 29.4 134.65 30.4 132.5 32.85 121.75 44.4 118.2 49.9 113 57.9 113 66
L 113.1 67.75
Q 108.5 63.8 96.6 57.4 81.25 49.05 74.65 46.6 67.8 42.1 62.55 43.65 62.4 41.45 62.25 39.55 62.05 35.4 62.3 33.1 62.1 29.2 63.2 27.3 64.3 25.4 69.05 19.6 73.8 13.75 88.2 11.05 102.55 8.35 128.75 6.35
L 150.55 6.35
Q 176.2 9.4 189.4 11.75 203.85 14.3 216 18.25 220.8 19.85 225.2 22.7 220.6 23.25 217.25 26.85
M 205 138.45
Q 216.75 142.35 230.65 148.3 234.05 149.75 236.95 151.05 236.8 151.9 236.7 152.95 235.25 166.95 233.25 174.2 231.25 171.7 227.05 167.65 221.35 162.2 220.1 160.85 207.7 147.6 203.05 147.6 201.05 147.6 197.3 153.5 193.7 159.85 193.05 160.7 192.25 159.35 191.2 157.25 189.65 154.2 187.5 149.65 183.5 141.25 181.8 138.1 181.15 136.9 180.3 135.45 178.7 132.7 176.4 129.1 178.7 129.95 181.5 130.9 189.25 133.55 205 138.45
M 166.4 129.85
Q 167.95 128.7 169.15 127.8 170.4 130.3 172.4 134 175.25 139.2 179.25 146.35 180.9 149.4 185.45 160.55 188.8 168.2 191 169.8 191.55 170.2 192.05 170.2 194.3 170.2 198.55 163.55 200.8 160 203.75 154.6 214.25 160 223.65 172.45 220.4 173.75 213.1 177.15 212 177.6 210.8 178.15 195.55 185.15 190.1 186.45 179 189.7 173.75 190.9 166.05 192.65 134.5 196.95
L 114.75 196.95 113.55 196.7 100.75 196.45
Q 80.55 195.25 66.5 189.85 52.45 184.45 51.05 180.55 49.65 176.6 53.2 174.7 56.7 172.75 60.9 171.35 68.15 168.85 77.6 167.35 80 166.95 80.7 166.4 81.55 165.8 81.55 164
L 79.1 156.85
Q 78.3 154.55 77.75 152.75 76.4 148.6 76.05 146.95 75.15 143.05 74.25 140.1 75.85 138.95 80.3 137.2 82.7 136.3 88.5 134.35 94.15 132.45 96.8 131.7 105.85 129 120.65 125.85 133.4 123.1 137 122.7 137.5 126.05 138.65 138.25 140.25 148.85 144.05 148.85 144.7 148.85 150.55 143.25 153.6 140.4 157.55 136.45 157.95 136.05 166.4 129.85
M 240.55 169.3
Q 240.75 168.1 241 166.85 241.8 162.65 242.35 159.35 243.1 158.75 244.1 157.85 244.8 159.5 247.7 166.85 250.7 173.35 253.35 173.35 255.1 173.35 257.95 163.9 259.75 157.85 262 147.85 262 142.4 250.7 149.55 246.55 152.1 243 155.15 243.2 153.85 243.35 152.75 245.05 151.3 248.3 148.2 255.35 141.3 256.1 140.7 258.95 138.45 264.45 133.95 269.35 130.15 273.5 127.95
L 273.5 132.45
Q 273.2 133.8 271.25 144.5 269.9 152.1 268.25 156.45 266.35 161.45 264.95 165.1 263.45 168.8 262.5 171 258.2 180.7 256.15 180.7 253 180.7 246.4 174.4 242.7 170.85 240.55 169.3
M 246.85 156.75
Q 246.85 155.9 251.55 153.4 255.85 151.05 257.85 150.45 256.25 157.5 252.85 168.45 251.5 167.3 249.15 162.75 246.85 158.25 246.85 156.75
M 135.55 38
L 135.75 38.25
Q 135.8 38.55 135.85 38.85 139.45 58.85 146.5 78.7 150.8 90.75 155.7 100.5 156.6 102.85 157.65 105.5 162.9 118.6 165 122.45 161.3 124.35 156.3 128.6 147.4 136.9 145.75 138.1 145.1 129.55 144.35 124.65 142.9 115.6 139.3 115.6 137.8 115.6 95.9 125.6 83.15 129.2 77.1 131.7 73.4 133.25 71 134.8 70.35 134.5 69.8 134.9 69.2 135.35 68.95 136.3 66.55 138.35 66.55 140.35 66.55 142 67.05 142.95 57.15 144.6 43.15 150.5 35 154.15 30.05 156.25 26.45 157.75 24.55 158.45 27.65 150.15 35.8 137.45 37.95 134.15 45.75 124.95 52.65 116.8 52.65 116.25 53.35 115.2 51.95 114.2 49.15 112.2 38.8 112.2 26 112.2 20.1 112.95 13.15 113.85 12.8 113.85
L 8.4 116.2
Q 12.6 109.35 19.15 100.85 25.7 92.3 33.15 81.95 38.8 73.9 46.3 66.15
L 55.7 56.35
Q 62.15 50.1 64.9 50.1 70.95 50.1 92.75 61.75
L 105.55 68.6
Q 106.2 69.15 106.85 69.75 113.5 75.6 114.55 75.6 115.55 75.6 116.3 74.65 117 73.8 117 72.95 117 71.75 116.3 70.65 119.2 52 135.55 38 Z"/>

<path fill="#50A5EB" stroke="none" d="
M 130.6 58.3
Q 127.4 71.6 125.5 79.35 123.6 87.1 126 94.85 119.1 89.05 115.1 87.5 90.6 78 69.55 70.65 30.45 102.25 26.95 111.3 63.4 102.3 85.05 100.5 90.4 100.05 87.95 101.8 83.25 101 65.9 118.95 48.55 136.9 30.05 156.25 35 154.15 43.15 150.5 57.15 144.6 67.05 142.95 66.55 142 66.55 140.35 66.55 138.35 68.95 136.3 69.2 135.35 69.8 134.9 70.35 134.5 71 134.8 73.4 133.25 77.1 131.7 83.15 129.2 95.9 125.6 137.8 115.6 139.3 115.6 142.9 115.6 144.35 124.65 145.1 129.55 145.75 138.1 147.4 136.9 156.3 128.6 161.3 124.35 165 122.45 162.9 118.6 157.65 105.5 156.6 102.85 155.7 100.5 150.8 90.75 146.5 78.7 139.45 58.85 135.85 38.85 133.8 44.95 130.6 58.3
M 230.65 148.3
Q 216.75 142.35 205 138.45 189.25 133.55 181.5 130.9 178.7 129.95 176.4 129.1 178.7 132.7 180.3 135.45 181.15 135.8 182.05 136.15 186.65 137.9 192.55 139.7 191.7 150.85 191.2 157.25 192.25 159.35 193.05 160.7 193.7 159.85 197.3 153.5 201.05 147.6 203.05 147.6 207.7 147.6 220.1 160.85 221.35 162.2 227.05 167.65 231.25 171.7 233.25 174.2 235.25 166.95 236.7 152.95 236.8 151.9 236.95 151.05 234.05 149.75 230.65 148.3 Z"/>

<path fill="#66FFFF" stroke="none" d="
M 135.75 38.25
L 135.55 38
Q 119.2 52 116.3 70.65 117 71.75 117 72.95 117 73.8 116.3 74.65 115.55 75.6 114.55 75.6 113.5 75.6 106.85 69.75 106.2 69.15 105.55 68.6
L 92.75 61.75
Q 70.95 50.1 64.9 50.1 62.15 50.1 55.7 56.35
L 46.3 66.15
Q 38.8 73.9 33.15 81.95 25.7 92.3 19.15 100.85 12.6 109.35 8.4 116.2
L 12.8 113.85
Q 13.15 113.85 20.1 112.95 26 112.2 38.8 112.2 49.15 112.2 51.95 114.2 53.35 115.2 52.65 116.25 52.65 116.8 45.75 124.95 37.95 134.15 35.8 137.45 27.65 150.15 24.55 158.45 26.45 157.75 30.05 156.25 48.55 136.9 65.9 118.95 83.25 101 87.95 101.8 90.4 100.05 85.05 100.5 63.4 102.3 26.95 111.3 30.45 102.25 69.55 70.65 90.6 78 115.1 87.5 119.1 89.05 126 94.85 123.6 87.1 125.5 79.35 127.4 71.6 130.6 58.3 133.8 44.95 135.85 38.85 135.8 38.55 135.75 38.25
M 180.3 135.45
Q 181.15 136.9 181.8 138.1 183.5 141.25 187.5 149.65 189.65 154.2 191.2 157.25 191.7 150.85 192.55 139.7 186.65 137.9 182.05 136.15 181.15 135.8 180.3 135.45 Z"/>

<path fill="#F89587" stroke="none" d="
M 251.55 153.4
Q 246.85 155.9 246.85 156.75 246.85 158.25 249.15 162.75 251.5 167.3 252.85 168.45 256.25 157.5 257.85 150.45 255.85 151.05 251.55 153.4
M 241 166.85
Q 240.75 168.1 240.55 169.3 242.7 170.85 246.4 174.4 253 180.7 256.15 180.7 258.2 180.7 262.5 171 263.45 168.8 264.95 165.1 263.5 166.7 262.1 166.7 260.25 166.7 258.5 164.65 258.2 164.25 257.95 163.9 255.1 173.35 253.35 173.35 250.7 173.35 247.7 166.85 244.8 159.5 244.1 157.85 243.1 158.75 242.35 159.35 241.8 162.65 241 166.85
M 169.15 127.8
Q 167.95 128.7 166.4 129.85 157.95 136.05 157.55 136.45 153.6 140.4 150.55 143.25 144.7 148.85 144.05 148.85 140.25 148.85 138.65 138.25 137.5 126.05 137 122.7 133.4 123.1 120.65 125.85 105.85 129 96.8 131.7 94.15 132.45 88.5 134.35 82.7 136.3 80.3 137.2 75.85 138.95 74.25 140.1 75.15 143.05 76.05 146.95 76.4 148.6 77.75 152.75 86.3 148.5 102.85 142.8 115.7 138.35 130.55 133.7 131.3 137.1 132.8 151.3 134.35 166.1 134.55 167.2 137.1 166.2 168.55 146.7 173.6 154.35 180.6 166.7 187.9 179.55 190.55 185.7 207.15 168.6 208.05 167.2 208.6 168 213.1 177.15 220.4 173.75 223.65 172.45 214.25 160 203.75 154.6 200.8 160 198.55 163.55 194.3 170.2 192.05 170.2 191.55 170.2 191 169.8 188.8 168.2 185.45 160.55 180.9 149.4 179.25 146.35 175.25 139.2 172.4 134 170.4 130.3 169.15 127.8 Z"/>

<path fill="#FDDFBD" stroke="none" d="
M 256.1 140.7
Q 255.35 141.3 248.3 148.2 245.05 151.3 243.35 152.75 243.2 153.85 243 155.15 246.55 152.1 250.7 149.55 262 142.4 262 147.85 259.75 157.85 257.95 163.9 258.2 164.25 258.5 164.65 260.25 166.7 262.1 166.7 263.5 166.7 264.95 165.1 266.35 161.45 268.25 156.45 269.9 152.1 271.25 144.5 273.2 133.8 273.5 132.45
L 273.5 127.95
Q 269.35 130.15 264.45 133.95 258.95 138.45 256.1 140.7
M 190.55 185.7
Q 187.9 179.55 180.6 166.7 173.6 154.35 168.55 146.7 137.1 166.2 134.55 167.2 134.35 166.1 132.8 151.3 131.3 137.1 130.55 133.7 115.7 138.35 102.85 142.8 86.3 148.5 77.75 152.75 78.3 154.55 79.1 156.85
L 81.55 164
Q 81.55 165.8 80.7 166.4 80 166.95 77.6 167.35 68.15 168.85 60.9 171.35 56.7 172.75 53.2 174.7 49.65 176.6 51.05 180.55 52.45 184.45 66.5 189.85 80.55 195.25 100.75 196.45
L 113.55 196.7 114.75 196.95 134.5 196.95
Q 166.05 192.65 173.75 190.9 179 189.7 190.1 186.45 195.55 185.15 210.8 178.15 212 177.6 213.1 177.15 208.6 168 208.05 167.2 207.15 168.6 190.55 185.7 Z"/>

<path fill="#FF2D32" stroke="none" d="
M 209 41.1
Q 211.95 32.45 217.25 26.85 220.6 23.25 225.2 22.7 220.8 19.85 216 18.25 203.85 14.3 189.4 11.75 176.2 9.4 150.55 6.35
L 128.75 6.35
Q 102.55 8.35 88.2 11.05 73.8 13.75 69.05 19.6 64.3 25.4 63.2 27.3 62.1 29.2 62.3 33.1 62.05 35.4 62.25 39.55 62.4 41.45 62.55 43.65 67.8 42.1 74.65 46.6 81.25 49.05 96.6 57.4 108.5 63.8 113.1 67.75
L 113 66
Q 113 57.9 118.2 49.9 121.75 44.4 132.5 32.85 134.65 30.4 137.1 29.4 139.85 28.3 140.75 30.55 140.9 31 141 31.6 141.25 32.85 141.5 35.8 141.75 38.55 142.05 39.85 142.3 40.85 143.8 47.95 144.95 53.25 145.75 56.35 154.45 90.6 169.4 118.05 172.1 121.35 174.3 121.95 178.2 123.35 187.55 126.45 187.5 126.05 187.5 125.65 187.5 122.65 192.65 99.6 197.4 78.4 199.85 69.15 203.4 56.1 209 41.1 Z"/>

<path fill="#AB164A" stroke="none" d="
M 259.55 81.5
Q 249.65 55.75 245.35 47.85 242.15 41.9 235.1 32.1 234.2 30.8 233.15 29.6
L 233.1 29.6
Q 233.05 29.6 230.6 27.45 228.55 25.65 226.6 25.65 220.1 25.65 214.65 36.45 212.3 41.15 209.35 50.65 208 55.1 205.25 63.65 202.95 71.2 201.75 76.6 197.9 94.1 189.55 127.1 199.9 130.45 216.3 135.7 232.85 141.35 240.1 145.25 240.35 145.2 240.6 145.2 242.5 145.2 243.3 146.45 245.45 143.95 248.9 140.4 254.95 134.2 258.85 130.7 261.1 128.7 263.1 127.1 263.9 124 266 119.2 269.5 111.15 269.5 110.9 269.5 107.45 259.55 81.5 Z"/>

<path fill="#0F1B82" stroke="none" d="
M 276.75 149.8
Q 277.85 150.75 279.85 152.4 285.9 156.85 293.25 159.85 296.65 161.25 303.65 164.55 310.65 167.25 319.6 167.45
L 323.6 167.45
Q 325.35 166.2 327.55 160.7 318.9 159.7 313.65 158.75 292.5 154.9 277.45 146.9 277.1 148.3 276.75 149.8 Z"/>

<path fill="#0066CC" stroke="none" d="
M 328.25 158.75
Q 330.5 152.35 330.5 150.65 330.5 148.5 322.2 146.4 316.6 145 312.85 144.6 310.6 144.25 300.15 143.7 287.75 143.05 282.1 143.45 279.2 143.65 278.1 143.75 277.8 145.25 277.45 146.9 292.5 154.9 313.65 158.75 318.9 159.7 327.55 160.7 327.9 159.8 328.25 158.75 Z"/>
</g>

<g id="bf_face_default_0_Layer0_0_FILL">
<path fill="#000000" stroke="none" d="
M 92.3 93.35
Q 92.3 94.15 92.6 94.35 92.85 94.45 93.5 94.55 94.146875 94.55 98.7 93.85 97.3482421875 95.1365234375 95.45 96.95 85.9572265625 106.0130859375 73.65 108 73.3228515625 108.0498046875 72.95 108.1 69.8453125 108.55 66.55 108.55 61.2 108.55 56.85 107.9 52.55 107.15 52.1 107.15 50.65 107.15 46.35 106.15 42.4 105.1 42.3 105.1 41.5 105.1 41.45 105.25
L 41.35 105.35 41.35 106.4
Q 44.2 108.5 50.8 110.3 59.4 112.7 69.4 112.7 70.85 112.7 72.5 112.55 73.0939453125 112.909375 74 113
L 93.5 113
Q 102.6 111.95 106.15 110.9 109.3 110 110.25 108.5 112.3 104.6 113.75 102.5 115.35 100.05 117.7 95.5 120 90.95 120 90.4 120 86.85 106.15 88.35 92.3 89.9 92.3 93.35
M 106.9 92.8
Q 107.274609375 92.8 107.5 92.8 108.75 92.8 112.55 93.05
L 112.5 93.25
Q 108.5 100.05 105.5 106.25 101.9 106.5 99.55 107 97.35 107.5 92.8 107.75
L 89.05 107.8
Q 93.344140625 105.6279296875 97.2 103.65 97.6359375 103.3732421875 98.05 103.05 100.25 101.3 103.9 98.4 105.961328125 96.19375 107.9 94.1 107.497265625 93.5533203125 107.05 93 106.9861328125 92.9099609375 106.9 92.8
M -3.45 -1.5
Q -4.5 -1.1 -4.5 -0.4 -2.5 17.65 15.3 42.75 19.3 48.35 23.85 53.95 23.8 54.05 23.8 54.15 23.35 57.05 23 61.7 22.7 65.45 22.7 66.9 22.7 67.9 23.4 71.5 24.2 76.6 27.9 86.9 31.7 97.15 36.65 97.5 41.6 97.9 40.85 88.35 40.25 78.85 42.5 74.4 53.95 85.45 58.05 85.45 58.85 85.45 70.3 75.65 70.8 79.3 73.1 87.4 75.25 95.45 80.65 97 86.1 98.55 86.65 88.6 87.15 84.25 87.25 83.85 88.2 79.7 89.9 73.85 90.4 71.9 93.65 62.55 96.6 54.25 96.6 53.5 96.6 53.05 96.55 52.6 104.55 45.4 109.05 41.3 123.7 27.65 134.35 18.5 149.25 5.7 161.85 -3.15 145.55 0.25 129.7 13.2 124.95 17 117.25 24.4 109.3 31.85 105.85 34.75 101.85 38.05 94.15 45.3 86.5 52.6 82.45 55.9 81.2 56.9 68.5 68.6 58.9 77.45 57.45 77.45 55.05 77.45 39 60.35 24.3 44.65 19.7 38.35 12.45 28.5 6.55 18.5 -0.1 7.25 -3.45 -1.5 Z"/>

<path fill="#FFFFFF" stroke="none" d="
M 107.5 92.8
Q 107.274609375 92.8 106.9 92.8 106.9861328125 92.9099609375 107.05 93 107.497265625 93.5533203125 107.9 94.1 105.961328125 96.19375 103.9 98.4 100.25 101.3 98.05 103.05 97.6359375 103.3732421875 97.2 103.65 93.344140625 105.6279296875 89.05 107.8
L 92.8 107.75
Q 97.35 107.5 99.55 107 101.9 106.5 105.5 106.25 108.5 100.05 112.5 93.25
L 112.55 93.05
Q 108.75 92.8 107.5 92.8 Z"/>
</g>
</defs>

<g transform="matrix( 1, 0, 0, 1, -219.1,245.5) ">
<g transform="matrix( 1, 0, 0, 1, 301.4,-57.25) ">
<g transform="matrix( 1, 0, 0, 1, 0,0) ">
<use xlink:href="#BF_defalt_arm_0_Layer0_0_FILL"/>
</g>
</g>

<g transform="matrix( 1, 0, 0, 1, 342.6,-38.4) ">
<g transform="matrix( 1, 0, 0, 1, 0,0) ">
<use xlink:href="#bf_body_default_0_Layer0_0_FILL"/>
</g>
</g>

<g transform="matrix( 1, 0, 0, 1, 372.25,-201.6) ">
<g transform="matrix( 1, 0, 0, 1, 0,0) ">
<use xlink:href="#BF_Head_defalt_0_Layer0_0_FILL"/>
</g>
</g>

<g transform="matrix( 1, 0, 0, 1, 447.3,-128.5) ">
<g transform="matrix( 1, 0, 0, 1, 0,0) ">
<use xlink:href="#bf_face_default_0_Layer0_0_FILL"/>
</g>
</g>
</g>
</svg>
