2
3
5
9
10
16
22
25
26
34
35
37
41
42
48
54
57
58
66
67
69
73
74
80
86
89
90
98
99
101
105
106
112
118
121
122
253
260
268
280
284
292
300
312
316
317
318
320
332
336
344
358
360
362
364
372
376
388
396
404
408
412
420
428
436
440
444
452
456
460
468
472
476
484
488
492
456
460
468
472
476
484
488
492
508
509
510
516
520
524
532
540
548
552
556
564
568
572
580
584
588
596
604
612
616
620
636
637
638
642
643
645
649
650
656
662
665
666
674
675
677
681
682
688
694
697
698
706
707
709
713
714
720
726
729
730
738
739
741
745
746
753
758
761
762
768
788
792
796
800
820
824
828
829
830
832
852
856
860
861
862
864
865
866
884
885
886
887
892
900
912
916
924
926
936
948
958
962
966
970
974
976
980
984
988
990
1000
1004
1006
1008
1012
1019
1028
1036
1044
1052
1060
1068
1076
1084
1092
1100
1108
1116
1124
1132
1148
1149
1150
1156
1160
1164
1172
1180
1188
1192
1196
1204
1208
1212
1220
1224
1228
1236
1244
1252
1256
1260
1276
1296
1300
1304
1308
1320
1324
1328
1332
1340
1352
1358
1364
1372
1374
1378
1388
1392
1400
1401
1405
1410
1411
1413
1417
1418
1424
1430
1433
1434