2
0
3
168.539322
1
337.078644
1
505.617981
3
674.1573
4
842.696655
2
1011.23596
4
1179.77527
1
1348.31458
4
1516.85388
3
1685.39331
4
1853.93262
2
2022.47192
4
2191.01123
1
2359.55054
4
2528.08984
2
2696.62915
3
2865.16846
1
3033.70776
1
3202.247
3
3370.78662
4
3539.326
2
3707.86523
4
3876.40454
1
4044.94385
4
4213.483
3
4382.02246
4
4550.562
2
4719.101
4
4887.64063
1
5056.17969
4
5224.719
2
5393.2583
3
5561.798
1
5730.337
1
5898.87646
3
6067.41553
4
6235.955
2
6404.494
4
6573.03369
1
6741.573
4
6910.1123
3
7078.652
4
7247.191
2
7415.73047
4
7584.26953
1
7752.809
4
7921.348
2
8089.8877
3
8258.427
1
8426.966
1
8595.506
3
8764.045
4
8932.584
2
9101.124
4
9269.663
1
9438.202
4
9606.741
3
9775.281
4
9943.82
2
10112.3594
4
10280.8984
1
10449.4385
4
10617.9775
1
11123.5957
2
11292.1348
4
11460.6738
2
11797.7529
1
12134.8311
1
12471.91
1
12808.9883
1
12977.5283
3
13146.0674
4
13230.3369
3
13314.6064
2
13483.1465
4
13651.6855
3
13820.2246
2
13988.7637
4
14157.3037
3
14325.8428
2
14494.3818
4
14578.6514
3
14662.9209
2
14831.4609
1
14831.4609
4
15000
3
15168.5391
3
15168.5391
4
15337.0791
4
15505.6182
2
15505.6182
4
15674.1572
1
15842.6963
1
15842.6963
4
16011.2363
2
16179.7754
1
16516.8535
2
16685.3926
4
16853.9316
2
17191.0117
1
17528.09
1
17865.168
1
18202.248
1
18370.7871
3
18539.3262
4
18623.5957
3
18707.8652
2
18876.4043
4
19044.9434
3
19213.4824
2
19382.0215
4
19550.5625
3
19719.1016
2
19887.64
4
19971.91
3
20056.18
1
20224.7188
4
20393.2578
3
20561.7969
4
20730.3379
2
20898.877
4
21067.416
1
21235.9551
4
21404.4941
2
21573.0332
4
21573.0332
3
21741.5723
1
21910.1133
2
21910.1133
3
22078.6523
2
22247.1914
4
22247.1914
3
22415.73
1
22584.27
2
22584.27
3
22752.8086
4
22921.3477
3
22921.3477
3
23005.6172
4
23089.8867
3
23258.4277
4
23258.4277
3
23426.9668
4
23595.5059
4
23595.5059
1
23764.0449
1
23932.584
2
23932.584
1
24101.123
4
24269.6621
3
24269.6621
3
24438.2031
1
24606.7422
3
24775.2813
4
24943.82
3
25112.36
1
25280.8984
3
25449.4375
4
25617.9766
3
25702.248
4
25786.5176
4
25955.0566
3
26123.5957
4
26292.1348
1
26460.6738
2
26629.2129
1
26797.752
3
26966.293
4
26966.293
3
27134.832
4
27303.3711
1
27471.91
4
27640.45
4
27640.45
3
27808.9883
4
27977.5273
1
28146.0684
2
28314.6074
4
28314.6074
3
28398.877
4
28483.1465
1
28651.6855
4
28820.2246
3
28988.7637
3
28988.7637
1
29157.3027
4
29325.8418
2
29494.3828
4
29662.9219
1
29662.9219
3
29831.46
1
30000
4
30000
1
30168.54
1
30337.0781
4
30337.0781
3
30505.6172
1
30674.1582
4
30674.1582
1
30842.6973
1
31011.2363
4
31011.2363
3
31095.5059
4
31179.7754
1
31348.3145
1
31348.3145
4
31516.8535
1
31685.3926
3
31685.3926
1
31853.9316
1
31853.9316
1
32022.4727
4
32022.4727
1
32191.0117
2
32191.0117
2
32359.55
3
32359.55
4
32528.09
2
32696.6289
4
32865.168
1
33033.707
4
33202.2461
2
33370.7852
4
33539.3242
4
33623.5938
2
33707.8633
4
33876.4063
2
34044.9453
3
34213.4844
1
34382.0234
3
34550.5625
1
34719.1
4
34887.64
2
34971.91
3
35056.18
4
35224.72
3
35393.2578
4
35561.7969
1
35730.3359
2
35898.875
1
36067.4141
3
36151.6836
1
36235.9531
4
36404.4961
2
36573.0352
1
36741.5742
2
36910.1133
1
37078.6523
2
37247.19
2
37415.73
4
37584.27
4
37668.54
3
37752.81
4
37921.3477
2
38089.8867
4
38258.4258
1
38426.9648
4
38595.5039
2
38764.043
4
38932.5859
4
39016.8555
2
39101.125
4
39269.6641
2
39438.2031
3
39606.7422
1
39775.28
3
39943.82
1
40112.36
4
40280.9
2
40365.168
3
40449.4375
4
40617.9766
3
40786.5156
4
40955.0547
1
41123.5938
2
41292.1367
1
41460.6758
3
41544.9453
1
41629.2148
4
41797.7539
2
41966.293
1
42134.832
2
42303.37
1
42471.91
2
42640.45
2
42808.99
4
42977.5273
4
43061.7969
4
43146.0664
2
43230.3359
4
43314.6055
1
43483.1445
4
43651.6836
2
43735.9531
3
43820.2266
1
43988.7656
2
44157.3047
4
44325.8438
4
44410.1133
3
44494.3828
4
44662.92
1
44747.19
2
44831.46
1
45000
3
45168.54
4
45337.08
2
45505.6172
4
45674.1563
3
45758.4258
1
45842.6953
4
46011.2344
2
46179.7734
4
46348.3164
1
46516.8555
2
46685.3945
4
46853.9336
3
46938.2031
4
47022.4727
2
47191.01
4
47359.55
1
47528.09
4
47696.63
2
47865.168
4
48033.707
3
48202.2461
3
48370.7852
4
48539.3242
2
48623.5938
4
48707.8633
1
48876.4063
4
49044.9453
2
49129.2148
3
49213.4844
1
49382.0234
2
49550.5625
4
49719.1
4
49803.37
3
49887.64
4
50056.18
1
50140.45
2
50224.72
1
50393.2578
3
50561.7969
4
50730.3359
2
50898.875
4
51067.4141
3
51151.6836
1
51235.9531
4
51404.4961
2
51573.0352
4
51741.5742
1
51910.1133
2
52078.6523
4
52247.19
3
52331.46
4
52415.73
2
52584.27
4
52752.81
1
52921.3477
4
53089.8867
2
53258.4258
4
53426.9648
3
53595.5039
3
53764.043
2
53932.5859
2
53932.5859
3
54101.125
1
54269.6641
1
54438.2031
3
54606.7422
4
54775.28
2
54943.82
4
55112.36
1
55280.9
2
55449.4375
3
55617.9766
4
55786.5156
2
55955.0547
3
55955.0547
4
56123.5938
1
56292.1367
4
56460.6758
2
56629.2148
2
56629.2148
3
56797.7539
1
56966.293
1
57134.832
3
57303.37
4
57471.91
2
57640.45
4
57808.99
1
57977.5273
3
58146.0664
4
58230.3359
2
58314.6055
4
58483.1445
2
58651.6836
1
58651.6836
4
58820.2266
3
58988.7656
1
58988.7656
2
59157.3047
4
59157.3047
1
59325.8438
2
59325.8438
3
59494.3828
1
59662.92
1
59831.46
1
60000
3
60000
4
60168.54
2
60337.08
4
60505.6172
1
60674.1563
1
60674.1563
2
60842.6953
3
61011.2344
4
61179.7734
1
61348.3164
2
61348.3164
4
61516.8555
1
61685.3945
4
61853.9336
2
62022.4727
2
62022.4727
3
62191.01
1
62359.55
1
62528.09
3
62696.63
4
62865.168
2
63033.707
4
63202.2461
1
63370.7852
3
63539.3242
4
63623.5938
2
63707.8633
4
63876.4063
2
64044.9453
4
64213.4844
1
64382.0234
4
64550.5625
2
64719.1
2
64719.1
1
65056.18
1
65056.18
2
65224.72
2
65224.72
4
65393.2578
4
65393.2578
2
65730.3359
2
65730.3359
4
66067.4141
1
66067.4141
1
66404.49
1
66573.03
1
66741.57
2
66741.57
1
66910.11
3
67078.65
4
67162.92
3
67247.19
1
67247.19
2
67415.73
3
67415.73
4
67584.27
3
67752.81
2
67921.35
4
68089.89
2
68089.89
3
68258.43
2
68426.97
3
68426.97
4
68511.2344
3
68595.51
1
68764.05
4
68764.05
4
68932.5859
3
69101.125
4
69269.6641
2
69438.2
1
69438.2
4
69606.74
1
69775.28
4
69943.82
2
70112.36
1
70449.44
2
70617.98
4
70786.5156
2
71123.59
1
71460.67
1
71797.75
1
72134.83
1
72303.37
3
72471.91
4
72556.18
3
72640.45
2
72808.99
4
72977.53
3
73146.07
2
73314.61
4
73483.15
3
73651.69
2
73820.23
4
73904.49
3
73988.7656
1
74157.3047
4
74325.84
3
74494.38
4
74662.92
2
74831.46
4
75000
1
75168.54
4
75337.08
2
75505.62
1
75505.62
1
75674.16
2
75842.6953
1
76011.2344
3
76095.51
1
76179.77
2
76348.31
4
76516.85
1
76685.39
1
76853.93
2
76853.93
4
76938.2
2
77022.47
1
77191.01
2
77359.55
3
77528.0859
1
77865.17
1
78033.71
4
78202.25
2
78202.25
1
78370.79
4
78455.0547
4
78539.33
4
78707.87
1
78792.13
2
78876.41
2
79044.9453
4
79129.21
3
79213.4844
1
79382.02
2
79466.29
3
79550.56
1
79550.56
4
79634.83
3
79719.1
1
79803.37
4
79971.91
3
80056.18
1
80224.72
4
80393.26
1
80561.8
3
80730.3359
1
80898.875
1
81067.4141
2
81235.95
1
81404.49
3
81488.7656
1
81573.03
2
81741.57
4
81910.11
1
82078.65
2
82247.19
4
82331.46
2
82415.73
1
82584.27
2
82752.81
3
82921.35
1
83258.43
1
83426.97
2
83595.51
1
83764.05
4
83848.31
4
83932.5859
4
84101.125
1
84185.39
2
84269.6641
2
84438.2
4
84522.47
3
84606.74
1
84775.28
2
84859.55
3
84943.82
4
85028.0859
3
85112.36
1
85196.63
4
85365.17
3
85449.44
1
85617.98
4
85786.5156
1
85955.0547
3
86123.59
2
86292.13
1
86376.41
4
86460.67
3
86629.21
2
86713.4844
4
86797.75
3
86966.29
4
87134.83
3
87303.37
1
87471.91
2
87640.45
1
87724.72
4
87808.99
3
87977.53
2
88061.8
4
88146.07
3
88314.61
4
88483.15
2
88651.69
4
88820.23
3
88988.7656
4
89073.03
3
89157.3047
2
89325.84
1
89410.11
2
89494.38
4
89662.92
4
89831.46
2
89915.73
4
90000
2
90168.54
1
90337.08
4
90421.35
2
90505.62
1
90589.89
2
90674.16
4
90842.6953
1
91011.2344
4
91095.51
2
91179.77
1
91264.05
2
91348.31
2
91685.39
1
91769.6641
4
91853.93
3
92022.47
2
92106.74
4
92191.01
3
92359.55
4
92528.0859
3
92696.63
1
92865.17
2
93033.71
1
93117.98
4
93202.25
3
93370.79
2
93455.0547
4
93539.33
3
93707.87
4
93876.41
2
94044.9453
4
94213.4844
3
94382.02
4
94466.29
3
94550.56
2
94719.1
1
94803.37
2
94887.64
4
95056.18
4
95224.72
2
95308.99
4
95393.26
2
95561.8
1
95730.3359
4
95814.61
2
95898.875
1
95983.15
2
96067.4141
4
96235.95
1
96404.49
4
96488.7656
2
96573.03
1
96657.3047
2
96741.57
1
97078.65
4
97162.92
3
97247.19
4
97415.73
1
97584.27
4
97668.54
3
97752.81
4
97921.35
1
98089.89
4
98174.16
3
98258.43
1
98426.97
4
98426.97
1
98595.51
4
98679.77
3
98764.05
4
98932.5859
3
99101.125
3
99101.125
2
99269.6641
1
99438.2
4
99606.74
1
99775.28
4
99859.55
3
99943.82
4
100112.359
1
100280.9
4
100365.172
3
100449.438
4
100617.977
1
100786.516
4
100870.789
3
100955.055
1
101123.594
4
101123.594
1
101292.133
4
101376.406
3
101460.672
4
101629.211
3
101797.75
3
101797.75
2
101966.289
1
102134.828
4
102303.367
1
102471.906
4
102471.906
4
102556.18
1
102556.18
3
102640.453
3
102640.453
1
102808.992
4
102808.992
1
102977.531
4
102977.531
4
103061.8
1
103061.8
3
103146.07
3
103146.07
1
103314.609
4
103314.609
1
103483.148
4
103483.148
4
103567.414
1
103567.414
3
103651.688
3
103651.688
1
103820.227
4
103820.227
1
103988.766
4
103988.766
4
104073.031
1
104073.031
3
104157.305
3
104157.305
1
104325.844
4
104325.844
3
104494.383
3
104494.383
2
104662.922
2
104662.922
4
104831.461
1
104831.461
1
105000
4
105000
1
105168.539
4
105168.539
4
105252.813
1
105252.813
3
105337.078
3
105337.078
1
105505.617
4
105505.617
1
105674.156
4
105674.156
4
105758.43
1
105758.43
3
105842.695
3
105842.695
1
106011.234
4
106011.234
1
106179.773
4
106179.773
4
106264.047
1
106264.047
3
106348.313
3
106348.313
1
106516.852
4
106516.852
1
106685.391
4
106685.391
4
106769.664
1
106769.664
3
106853.93
3
106853.93
1
107022.469
4
107022.469
3
107191.008
3
107191.008
2
107359.547
2
107359.547
4
107528.086
1
107528.086
1
107696.633
4
107696.633
4
107865.172
4
107865.172
3
107949.438
4
108033.711
3
108117.977
1
108202.25
2
108370.789
2
108539.328
4
108539.328
3
108623.594
4
108707.867
3
108792.133
1
108876.406
2
109044.945
3
109213.484
4
109213.484
1
109297.75
3
109382.023
4
109466.289
1
109550.563
2
109719.1
2
109887.641
4
109887.641
3
109971.906
4
110056.18
3
110140.453
1
110224.719
2
110393.258
4
110561.8
3
110646.07
4
110730.336
3
110814.609
1
110898.875
2
111067.414
4
111235.953
3
111320.227
4
111404.492
3
111488.766
1
111573.031
2
111741.57
4
111910.109
1
111994.383
3
112078.648
4
112162.922
1
112247.188
2
112415.727
4
112584.273
3
112668.539
4
112752.813
3
112837.078
1
112921.352
2
113089.891
4
113258.43
3
113258.43
4
113426.969
2
113595.508
4
113764.047
2
113932.586
1
113932.586
2
114101.125
1
114269.664
4
114353.93
2
114438.2
1
114522.469
3
114606.742
1
114606.742
4
114775.281
2
114943.82
4
115112.359
2
115280.9
1
115280.9
4
115365.172
2
115449.438
1
115533.711
4
115617.977
2
115786.516
3
115955.055
3
115955.055
4
116123.594
2
116292.133
4
116460.672
1
116629.211
2
116797.75
1
116966.289
4
117050.563
2
117134.828
1
117219.1
3
117303.367
4
117471.906
2
117640.453
4
117808.992
1
117977.531
4
118061.8
2
118146.07
1
118230.336
4
118314.609
2
118483.148
