243.75 65.25 100 12.032470703125 12.032470703125
316.5 126.9 100 8.870086669921875 8.870086669921875
369.85 183.8 100 6.413818359375 6.413818359375
369.85 183.8 100 6.413818359375 6.413818359375
380.45 192.8 100 5.9533538818359375 5.9533538818359375
380.45 192.8 100 5.9533538818359375 5.9533538818359375
390.85 201.75 100 5.49542236328125 5.49542236328125
390.85 201.75 100 5.49542236328125 5.49542236328125
393.35 203.65 100 5.3973846435546875 5.3973846435546875
393.35 203.65 100 5.3973846435546875 5.3973846435546875
395.25 205.05 100 5.3187255859375 5.3187255859375
395.25 205.05 100 5.3187255859375 5.3187255859375
395.25 205.05 100 5.3187255859375 5.3187255859375
451.8 262.05 100 2.8070831298828125 2.8070831298828125
451.8 262.05 100 2.8070831298828125 2.8070831298828125
444.2 255.75 100 3.1379241943359375 3.1379241943359375
444.2 255.75 100 3.1379241943359375 3.1379241943359375
419.8 234.95 100 4.1948394775390625 4.1948394775390625
419.8 234.95 100 4.1948394775390625 4.1948394775390625
427.05 241.15 100 3.8770294189453125 3.8770294189453125
427.05 241.15 100 3.8770294189453125 3.8770294189453125
427.05 241.15 100 3.8770294189453125 3.8770294189453125
431.8 245.1 100 3.674468994140625 3.674468994140625
431.8 245.1 100 3.674468994140625 3.674468994140625
431.8 245.1 100 3.674468994140625 3.674468994140625
432.7 245.85 100 3.6350250244140625 3.6350250244140625